1000
0
0.1 -4.85112668794215 -4.895082383122247 -0.07549730814446717 0.0 0.0 0.0
0.1 0.1263072013958323 5.151007791151197 2.5956302929643384 0.0 0.0 0.0
0.1 -1.5672304544322602 -1.8797689488513079 0.21844306316146608 0.0 0.0 0.0
0.1 0.6721913618799972 -6.252878072738536 3.1802574458003923 0.0 0.0 0.0
0.1 -2.465620199898839 -3.9833473958503065 -2.951697117232212 0.0 0.0 0.0
0.1 -0.30296949243502985 3.4202061303202873 5.203070961724524 0.0 0.0 0.0
0.1 4.633077937847683 -4.149851976588806 -0.7167865672290317 0.0 0.0 0.0
0.1 0.25283644119560417 -0.5849602388252775 0.8210167579514124 0.0 0.0 0.0
0.1 -3.9098601132537687 -4.830089122313954 -1.8033504698553178 0.0 0.0 0.0
0.1 2.7756779211242906 1.6400239882142673 3.60017594286495 0.0 0.0 0.0
0.1 -4.742834198211054 -1.2872867656458744 4.8548978820591255 0.0 0.0 0.0
0.1 4.33091202348123 -2.4348941458735402 0.5842100559597949 0.0 0.0 0.0
0.1 2.146463717583601 0.7753694931632493 3.8547885869404026 0.0 0.0 0.0
0.1 -0.04570107005668477 -6.8062128486744795 -2.1291747029008214 0.0 0.0 0.0
0.1 4.72445536091464 1.1498042353921414 5.194529301910598 0.0 0.0 0.0
0.1 -1.432120460893234 6.823139309325759 -0.3310525671544389 0.0 0.0 0.0
0.1 -4.136563412966999 0.6178425248388547 0.9436708639902512 0.0 0.0 0.0
0.1 -0.7183052673337939 -1.2909065183378388 2.6959242508223076 0.0 0.0 0.0
0.1 0.1547810147808881 -0.8357839490745791 -0.5480412077904615 0.0 0.0 0.0
0.1 5.210708219220856 1.3626389582706704 4.142280020091445 0.0 0.0 0.0
0.1 -2.102750538466462 1.9609888165165947 -4.188600531396664 0.0 0.0 0.0
0.1 4.8488324229947475 -0.12980262865829287 -4.441538872385806 0.0 0.0 0.0
0.1 2.7581618904712157 1.1389685901556421 2.288341250317046 0.0 0.0 0.0
0.1 5.125677510595368 2.557660789903457 0.26214876944558296 0.0 0.0 0.0
0.1 -4.764575814144413 -3.03218769085471 0.5785663408367421 0.0 0.0 0.0
0.1 0.8996959597068711 -0.2749493323408121 2.321222024173299 0.0 0.0 0.0
0.1 -3.1483442208567944 5.4829251540034365 0.1612667979352246 0.0 0.0 0.0
0.1 -0.009222166266966779 -0.6696447707598666 6.5599027796307325 0.0 0.0 0.0
0.1 -2.08774470498183 -0.026693348441119678 4.5791184969068945 0.0 0.0 0.0
0.1 1.0347387973648254 -3.524700095257156 -4.696981788404777 0.0 0.0 0.0
0.1 4.667985246547804 2.7743228183473105 -2.19676813008922 0.0 0.0 0.0
0.1 2.6733476060037438 0.21272571885971048 3.928375740860958 0.0 0.0 0.0
0.1 2.7942852422190856 -3.2034279972520565 -1.819836891578965 0.0 0.0 0.0
0.1 -5.176437298857753 3.147880270868072 3.6732619467924694 0.0 0.0 0.0
0.1 -3.013595672472459 1.6208763317603747 -4.057294437679999 0.0 0.0 0.0
0.1 -2.17490951828748 -3.7727441096324155 -0.893736141932569 0.0 0.0 0.0
0.1 0.12657766302469683 2.124470573178128 1.8656763780268788 0.0 0.0 0.0
0.1 1.3395630552500504 3.595231809262178 5.625282285227559 0.0 0.0 0.0
0.1 6.274181359068894 -3.3521097431206344 0.7919374101289977 0.0 0.0 0.0
0.1 -1.7800614757633324 3.2794406435822943 -1.2271418840203656 0.0 0.0 0.0
0.1 -0.6905149434681014 0.0574154513957267 6.006945106979263 0.0 0.0 0.0
0.1 4.520759461417805 -3.2452928087447273 2.1138999774208136 0.0 0.0 0.0
0.1 1.2642547729303164 -5.467711947050152 -1.4300545979767292 0.0 0.0 0.0
0.1 3.9236508207574206 -2.7463162754989203 1.3810278588701363 0.0 0.0 0.0
0.1 -1.1430743184874848 2.6317537958239887 -4.322762513167118 0.0 0.0 0.0
0.1 -1.221159996228121 -5.854661280987605 1.1554365357000511 0.0 0.0 0.0
0.1 -0.20980483182404072 -4.7239443527211495 -2.789534545021584 0.0 0.0 0.0
0.1 -1.6853033263241195 0.12860742956012194 -5.514788083988214 0.0 0.0 0.0
0.1 1.5762076925069304 0.3855981549918514 -5.45887078502697 0.0 0.0 0.0
0.1 -1.4739488910638863 -3.360175718607675 4.550835549868041 0.0 0.0 0.0
0.1 2.306987189618579 1.0063322143604068 1.5315337929203112 0.0 0.0 0.0
0.1 -0.7370477158894841 -5.407582103758926 1.739289576803918 0.0 0.0 0.0
0.1 6.40418569698535 -0.6651222792390931 -2.146765948611858 0.0 0.0 0.0
0.1 -0.2911751211081371 -1.4247585147249102 -6.911186848595891 0.0 0.0 0.0
0.1 3.970196171888254 -3.2010330690747932 5.061728231693526 0.0 0.0 0.0
0.1 2.601514022962113 -3.7364030574138853 -0.9026746152690969 0.0 0.0 0.0
0.1 5.237968465529808 2.564572301706305 -0.7883388267005628 0.0 0.0 0.0
0.1 3.480763217996573 3.537014585909416 -4.608229215732277 0.0 0.0 0.0
0.1 2.0964107371797702 1.191114685894453 -6.748033466477552 0.0 0.0 0.0
0.1 -0.2908162385638177 -0.8066401722022359 6.2317041457533655 0.0 0.0 0.0
0.1 1.2240723587214144 -1.8096357217581118 6.671305421853631 0.0 0.0 0.0
0.1 -4.800927008287037 -0.6313984738095985 3.1735191300949377 0.0 0.0 0.0
0.1 -3.285724806846857 -3.6411753778693976 -5.18990227151281 0.0 0.0 0.0
0.1 -5.986587700963151 2.145757188183029 0.11599970047330536 0.0 0.0 0.0
0.1 -5.420289729252252 -2.581831458894857 -3.6194078987109726 0.0 0.0 0.0
0.1 0.1868131077793885 -4.813438133791856 0.5614549536342881 0.0 0.0 0.0
0.1 3.3216866931555162 0.9651188578881578 0.30332247548057034 0.0 0.0 0.0
0.1 -0.14175631983780895 2.150371341729792 -0.11958208311813126 0.0 0.0 0.0
0.1 4.894927694952887 0.3441848888173319 4.587953754814691 0.0 0.0 0.0
0.1 -1.9301005511353237 -4.018147688545325 -0.7773883153091687 0.0 0.0 0.0
0.1 -5.759558014417559 2.789461788414591 0.18333487112785368 0.0 0.0 0.0
0.1 -1.0949030271110523 -0.006921961009195862 -2.9054877567328803 0.0 0.0 0.0
0.1 -4.8459879714364495 -4.255629120689584 0.6238987066043223 0.0 0.0 0.0
0.1 -5.711783686673356 -3.0799318053287044 -0.39583629549545435 0.0 0.0 0.0
0.1 4.760589919271565 4.455889276187987 -1.470039734547055 0.0 0.0 0.0
0.1 4.521372649185433 -2.4976651322239944 0.3120921409784462 0.0 0.0 0.0
0.1 3.0181881135876685 -2.5468144894749454 -4.206659431387708 0.0 0.0 0.0
0.1 4.157201653556398 2.0875614019822137 1.6479914963942002 0.0 0.0 0.0
0.1 -0.5294525115572626 -4.88312215871249 4.9326733923116715 0.0 0.0 0.0
0.1 -0.8849622601661554 -1.8645006261708688 3.798901707989626 0.0 0.0 0.0
0.1 2.59091473839236 -5.011152813429823 4.4149020823194975 0.0 0.0 0.0
0.1 5.779457225847451 2.494610574803899 -0.8048624894555648 0.0 0.0 0.0
0.1 0.10162863813630174 -3.617194909219231 2.637838029934577 0.0 0.0 0.0
0.1 -5.072213595865117 2.8447254787624057 -2.828158670565989 0.0 0.0 0.0
0.1 4.420870222584571 2.461159923664159 -4.542127632336225 0.0 0.0 0.0
0.1 -0.6268945774945313 1.5395959188894413 -5.310258349172406 0.0 0.0 0.0
0.1 1.3096589177787583 -5.07220767267113 -2.532940999300001 0.0 0.0 0.0
0.1 -1.0889438515686813 -1.7488672301745716 5.613273559920982 0.0 0.0 0.0
0.1 -2.0351083842702704 -3.9703170455188546 0.3074472338368406 0.0 0.0 0.0
0.1 1.1416764852281747 -2.307422077353193 1.8662832427336609 0.0 0.0 0.0
0.1 -3.9102534550223202 4.063118414942679 -3.2363060366872567 0.0 0.0 0.0
0.1 4.941311535001157 -1.7270094569448216 -4.6667632989217 0.0 0.0 0.0
0.1 -0.8086723840872109 -5.176799762330778 1.6337226028743446 0.0 0.0 0.0
0.1 0.9831131808354647 3.518180959762368 -3.3627352902757415 0.0 0.0 0.0
0.1 4.1413653163192405 -4.018701783566446 0.5506613771615304 0.0 0.0 0.0
0.1 3.985003219660424 2.6659480019280326 -4.205476476755498 0.0 0.0 0.0
0.1 -2.548536253306444 4.480204248969832 0.9169588277915461 0.0 0.0 0.0
0.1 2.6313008081739 0.08372489768409491 6.289103325913 0.0 0.0 0.0
0.1 -0.7519151682702481 5.130731258256291 -0.13254800031222852 0.0 0.0 0.0
0.1 1.7652891114507205 1.1813376573712255 2.2248272572974033 0.0 0.0 0.0
0.1 1.2555430473431433 2.0583136599440017 -1.8964265309043413 0.0 0.0 0.0
0.1 -1.7423485995361414 4.181658205771353 0.59776524570804 0.0 0.0 0.0
0.1 2.1020566605717597 -4.726086055795275 -4.699712836939828 0.0 0.0 0.0
0.1 -3.3912114931451915 -0.8835857675249542 4.8193001177886625 0.0 0.0 0.0
0.1 -2.4548379877855147 -4.876776032598482 -1.2717153864067359 0.0 0.0 0.0
0.1 0.7773642730706438 -1.6347846154616674 -5.823993917935879 0.0 0.0 0.0
0.1 -1.7969025142999067 3.2603207609353237 4.1812341505919495 0.0 0.0 0.0
0.1 2.160622622370056 -1.4912555664646892 -1.948475317941672 0.0 0.0 0.0
0.1 -1.842147677345826 4.360801467637538 4.452231260300059 0.0 0.0 0.0
0.1 -2.7934445113721655 -1.9820385376223046 -0.7271199682430917 0.0 0.0 0.0
0.1 1.2652744575491102 -5.664705839045959 3.1480153546099325 0.0 0.0 0.0
0.1 -1.9610206975031594 0.33455615761637936 2.7458557394787624 0.0 0.0 0.0
0.1 -0.24089547751716783 2.9812015204148326 -1.3571343682571961 0.0 0.0 0.0
0.1 -5.357710761749719 3.1262818491561557 0.8296992332199012 0.0 0.0 0.0
0.1 3.6883693805362188 -3.2908471017072367 2.0189966422749466 0.0 0.0 0.0
0.1 -3.3025777919828023 -4.446007792681059 1.4240050532177617 0.0 0.0 0.0
0.1 -4.38596233629368 2.615826181780974 2.906757368424099 0.0 0.0 0.0
0.1 -0.9857861773796041 0.326715089351294 -3.3395334675226676 0.0 0.0 0.0
0.1 -4.409927989319361 1.4178667937679479 -3.2268182204862748 0.0 0.0 0.0
0.1 -2.483336302648543 -4.550222471939091 2.4681918217687775 0.0 0.0 0.0
0.1 -5.1177776504967385 4.460295401381496 1.3227347986675828 0.0 0.0 0.0
0.1 3.814009931318087 0.6641478558540835 2.266063775467338 0.0 0.0 0.0
0.1 3.5625333189261252 -0.9191463010211567 4.995145295631411 0.0 0.0 0.0
0.1 0.739675209466543 -5.072383780762407 -2.99723019785754 0.0 0.0 0.0
0.1 -3.560100699781398 -5.324928247842957 1.6657075737127236 0.0 0.0 0.0
0.1 0.7458911842950733 5.548786306027452 -2.4342894501328174 0.0 0.0 0.0
0.1 -0.3559023946155724 0.9879917070416034 -1.9229187348876087 0.0 0.0 0.0
0.1 0.47448414353739116 0.09481731359430703 -6.871877823781473 0.0 0.0 0.0
0.1 3.7450209495736506 -0.554161878351274 5.431591357707531 0.0 0.0 0.0
0.1 -4.048805545101733 2.677686775950954 -5.06017975270746 0.0 0.0 0.0
0.1 1.3181426582858642 -6.260314786491608 -2.6814077097771043 0.0 0.0 0.0
0.1 2.811235877344576 -3.484021661549649 1.8141795869125077 0.0 0.0 0.0
0.1 -0.4481571693928541 -2.7231946608618887 -0.08303919058645616 0.0 0.0 0.0
0.1 -4.874131884385783 5.152912636555824 -0.2764821405528315 0.0 0.0 0.0
0.1 1.9753538917309785 -6.2299563117148375 2.0772354135996878 0.0 0.0 0.0
0.1 0.2039344646113423 2.7148482350833842 -2.1109397074233325 0.0 0.0 0.0
0.1 4.802308596626705 4.520676336472219 -2.0006471438456375 0.0 0.0 0.0
0.1 -2.2939098512507163 -0.16952001387226787 1.0076282191389756 0.0 0.0 0.0
0.1 -1.2607602183067828 0.8273091627199012 4.453087848270134 0.0 0.0 0.0
0.1 -0.7761202281798085 -1.4464444965153525 4.28053552185297 0.0 0.0 0.0
0.1 -3.208217663880661 2.0728841411284127 -5.990629030514051 0.0 0.0 0.0
0.1 -1.6028739457439063 5.427328943113985 -4.151215789405336 0.0 0.0 0.0
0.1 -0.036798788880699526 0.4754558855065482 -3.029817402520765 0.0 0.0 0.0
0.1 4.463928937434811 -2.4210732344760757 -0.8473796045768781 0.0 0.0 0.0
0.1 -5.167514607033684 -3.9080270954477077 -2.6870782033312604 0.0 0.0 0.0
0.1 -3.9635916062297665 4.757683812677502 -0.3932697894934338 0.0 0.0 0.0
0.1 -2.2052244171931843 -0.4254689504716245 -4.930932145673878 0.0 0.0 0.0
0.1 0.3092550621406644 3.9039674751265907 -0.8735765188074106 0.0 0.0 0.0
0.1 -2.329472656529416 2.8185176920458592 -5.175522132234166 0.0 0.0 0.0
0.1 1.827099935372405 -3.728189478571251 5.458253992711018 0.0 0.0 0.0
0.1 -2.370320749153162 0.8921082354354679 -6.285522075732849 0.0 0.0 0.0
0.1 3.1826215038021823 3.459107955096665 0.7339892853195198 0.0 0.0 0.0
0.1 -0.4032510763830362 4.101671152525825 3.1373846341588747 0.0 0.0 0.0
0.1 3.6339785545407968 -3.446357259647251 3.4220811235809045 0.0 0.0 0.0
0.1 4.008379315663575 -2.604607436196277 -1.3675022945982873 0.0 0.0 0.0
0.1 -6.362846240497919 -0.006468244944963994 2.8997163811271056 0.0 0.0 0.0
0.1 2.5293153405327264 -1.1093023774512125 -6.110280086378561 0.0 0.0 0.0
0.1 -4.259660329355694 -0.5810166365457223 1.273952836380717 0.0 0.0 0.0
0.1 -5.879438772166166 0.37730742221598773 3.165650146400946 0.0 0.0 0.0
0.1 0.8274941485268075 1.8766347045559204 1.8303682943057273 0.0 0.0 0.0
0.1 -1.6415702307809643 5.535391163608915 -1.7610001093790337 0.0 0.0 0.0
0.1 4.615283195727637 0.40654184437300267 -3.001954006819349 0.0 0.0 0.0
0.1 3.1715869957279104 -1.163893003089238 -0.20397217266611312 0.0 0.0 0.0
0.1 5.305924330776775 0.7369872010549403 -4.584936988093386 0.0 0.0 0.0
0.1 -2.047067303759801 2.5041696629260253 -3.9580030014994163 0.0 0.0 0.0
0.1 -1.0237849349132098 -6.214394926954271 2.4529807529262038 0.0 0.0 0.0
0.1 0.5003534402725273 2.5869868033623638 0.19303816711622115 0.0 0.0 0.0
0.1 -3.2598355346698384 0.029796332475737892 3.736874199960123 0.0 0.0 0.0
0.1 -3.019345464908611 4.391396654183293 -4.546496012469077 0.0 0.0 0.0
0.1 2.6619698949387405 -2.1593609720940807 -1.7281819712966215 0.0 0.0 0.0
0.1 -4.232949196303436 -5.463664240480546 -1.7149658410614395 0.0 0.0 0.0
0.1 3.4701812474766274 5.288324882837738 -2.462370339003656 0.0 0.0 0.0
0.1 2.5385009295308505 0.22227575912647501 2.6812603392426375 0.0 0.0 0.0
0.1 4.093629054704843 3.4552240851326075 2.7783502534612916 0.0 0.0 0.0
0.1 3.6108520303553053 -1.0537221425260102 -4.626835994412853 0.0 0.0 0.0
0.1 -2.852296100081516 -0.16060751474922957 4.989436380987394 0.0 0.0 0.0
0.1 0.7392354274230178 2.6832971554107417 -6.331860937500823 0.0 0.0 0.0
0.1 -3.285961570905891 5.843367651226583 0.5131368543884224 0.0 0.0 0.0
0.1 5.447055501345912 0.06478529061684132 4.691510343785167 0.0 0.0 0.0
0.1 3.7974991650072494 5.431314125889373 2.490308044554835 0.0 0.0 0.0
0.1 2.3182066712892606 4.215119706216649 -4.4352711688668975 0.0 0.0 0.0
0.1 3.914978844850798 2.3439239933787945 -2.747333547764793 0.0 0.0 0.0
0.1 -1.1693742175774486 -2.5351876180619874 -6.509054221547413 0.0 0.0 0.0
0.1 5.040521916213815 -2.682913028784946 -0.45261523752755106 0.0 0.0 0.0
0.1 -1.131470013621512 0.7101983110881537 -0.5791498418149652 0.0 0.0 0.0
0.1 -1.1760485822645241 -0.43627311729849294 -0.3441018424582637 0.0 0.0 0.0
0.1 -0.949036091404487 0.41132947019629157 0.6161206438583404 0.0 0.0 0.0
0.1 1.0064737235136385 1.5271502153284031 2.8680285223538005 0.0 0.0 0.0
0.1 -6.5579732994451385 -2.084093900727448 1.1655304603897472 0.0 0.0 0.0
0.1 -2.454596684593073 -4.979261976985451 1.4855997785661408 0.0 0.0 0.0
0.1 -1.8930051160436134 -5.585570384755043 -0.40651756081407003 0.0 0.0 0.0
0.1 -2.29476170638574 -1.9923258246841096 -4.4544377291462425 0.0 0.0 0.0
0.1 1.4762067491847093 2.8908849563579304 -2.420312165993146 0.0 0.0 0.0
0.1 5.216203372410595 -0.996614325153292 1.3388980625575195 0.0 0.0 0.0
0.1 -2.5103290093407433 -3.1073937270873238 -3.1901874001724715 0.0 0.0 0.0
0.1 1.6506928203081346 5.395116760864904 -4.2101273454537385 0.0 0.0 0.0
0.1 4.698416598326144 -0.9155514847050311 3.6246748058450784 0.0 0.0 0.0
0.1 -1.1006400646573282 2.365206776420072 3.6980080721476605 0.0 0.0 0.0
0.1 -0.027044304727777465 -2.7043572992808316 -4.086098316567689 0.0 0.0 0.0
0.1 0.3579749171656153 -4.747039297607917 1.394809771936801 0.0 0.0 0.0
0.1 -4.332024822622322 -2.246314777594385 -2.447716848833866 0.0 0.0 0.0
0.1 -1.048777871965519 -0.9498885189117854 5.27882558953306 0.0 0.0 0.0
0.1 -1.380475776102446 -2.9226855016524076 -3.3470025567693615 0.0 0.0 0.0
0.1 4.129854616981036 -5.0889440360098455 -2.4521568073059727 0.0 0.0 0.0
0.1 4.395008281766489 -2.2255721785563294 -4.896515636279598 0.0 0.0 0.0
0.1 2.1782624602983547 2.2945573583715153 -5.409092822711531 0.0 0.0 0.0
0.1 -4.39734610424227 0.4926679838944413 1.7582657700075985 0.0 0.0 0.0
0.1 -0.15267324901222543 -2.416651482685615 4.204310920209211 0.0 0.0 0.0
0.1 2.786425462712574 2.0335037870765187 -0.41975220317364165 0.0 0.0 0.0
0.1 -3.7080702623972788 3.475771432781102 -1.252158990778847 0.0 0.0 0.0
0.1 0.15421948451777398 2.043617295513516 -5.936674298370318 0.0 0.0 0.0
0.1 0.9778362942710029 -4.711464059689651 2.555813194759119 0.0 0.0 0.0
0.1 1.6503204396292654 0.7386590945076016 -2.082282860198885 0.0 0.0 0.0
0.1 -5.040456050597466 0.14702869681031408 4.465528866643121 0.0 0.0 0.0
0.1 0.8208995597326695 6.753613415671062 1.4280823647175842 0.0 0.0 0.0
0.1 0.09848792135844697 1.2821263758998722 -6.222128069905635 0.0 0.0 0.0
0.1 1.7293990787497144 5.333559592047262 -3.9692871822386175 0.0 0.0 0.0
0.1 6.057501378632279 2.6137936681243636 -2.859026980208569 0.0 0.0 0.0
0.1 -0.034069475611786866 -5.118240173352427 4.17768065980038 0.0 0.0 0.0
0.1 0.4761936334682582 -3.6019473497386754 4.905974172119997 0.0 0.0 0.0
0.1 -4.35992242847472 -3.554027925807313 0.7652920385823334 0.0 0.0 0.0
0.1 -2.939854099465321 -4.629629879993984 -2.5143515435194956 0.0 0.0 0.0
0.1 2.000481039097893 -6.548576176681307 -1.4690498165358232 0.0 0.0 0.0
0.1 6.136047566715992 -2.605218811814251 -1.5804305285792488 0.0 0.0 0.0
0.1 -1.4179643950823912 -1.058369698374375 -5.216237153206417 0.0 0.0 0.0
0.1 -0.9590062851162532 0.9174543223030939 -3.774606484429506 0.0 0.0 0.0
0.1 -2.6147143637235546 -0.21131585629777358 3.5129429557026097 0.0 0.0 0.0
0.1 -5.2045079744948595 0.44143962831744926 1.6670129923727002 0.0 0.0 0.0
0.1 3.0393663552843035 -2.3257356243780904 -1.7723488454807266 0.0 0.0 0.0
0.1 -1.1798308378787605 -0.05592101779883151 -4.829530136711115 0.0 0.0 0.0
0.1 -3.6186026936205358 3.2416126723514176 2.923374522827826 0.0 0.0 0.0
0.1 4.524835395667534 -1.6715654888047522 -4.138581416421172 0.0 0.0 0.0
0.1 0.7695395881760415 -3.8764741840270287 2.428428114292303 0.0 0.0 0.0
0.1 4.608964404205526 -4.793713057375167 0.17902782295300879 0.0 0.0 0.0
0.1 4.428226216535045 0.9366665880506491 -1.2275685581520437 0.0 0.0 0.0
0.1 5.407927182120257 0.21352090191830575 0.06028774262887021 0.0 0.0 0.0
0.1 -0.9181217093759345 -3.4651072606708047 -2.241704889974184 0.0 0.0 0.0
0.1 -4.814787558990434 3.4411821178512163 0.037359817073072274 0.0 0.0 0.0
0.1 -1.583047795047523 1.3923360744066484 -2.032470927425623 0.0 0.0 0.0
0.1 1.020091652855562 -0.25872301919597185 1.0007802618436463 0.0 0.0 0.0
0.1 1.6294998747076432 -2.5541023845311357 -2.6849256402217496 0.0 0.0 0.0
0.1 -0.1992565270553377 -3.805424597323171 -3.3363742516612085 0.0 0.0 0.0
0.1 0.5199449254755837 5.03460451936735 -1.432040345581539 0.0 0.0 0.0
0.1 1.9383353590422476 0.8665650227032742 -1.109763434125305 0.0 0.0 0.0
0.1 -1.0774100467761996 -1.4612116253450573 2.4169689179295752 0.0 0.0 0.0
0.1 -2.086422906583204 -5.021340080709173 -3.5776656846466963 0.0 0.0 0.0
0.1 0.9982478696346906 -3.5082845719528812 1.6932199641157721 0.0 0.0 0.0
0.1 -3.213349443428543 1.6251006790262472 2.9858270107991207 0.0 0.0 0.0
0.1 2.4897614157970707 0.5914709184301954 1.4451709272404676 0.0 0.0 0.0
0.1 -4.825168864689233 1.1012076811325133 1.21536257406446 0.0 0.0 0.0
0.1 -5.200388897207356 0.0901239652209781 0.30047786386451836 0.0 0.0 0.0
0.1 2.8926218734133227 -5.75735091551021 -1.7370318887786904 0.0 0.0 0.0
0.1 2.374443505181031 4.480255562049696 -4.619818614817217 0.0 0.0 0.0
0.1 -2.6546143572923806 3.912729933655787 1.1382059973454408 0.0 0.0 0.0
0.1 -1.4452910158685435 5.146929183529476 -4.21081443321034 0.0 0.0 0.0
0.1 0.2730048673028937 -5.462061960772825 3.1077031912391004 0.0 0.0 0.0
0.1 2.7501174091551612 1.4452374654125977 -0.25010583385939295 0.0 0.0 0.0
0.1 -1.4192291860464037 0.16133608440340008 -6.616934442147303 0.0 0.0 0.0
0.1 -1.0734571858178326 3.556633754495976 -2.490748913875647 0.0 0.0 0.0
0.1 0.9901015122903101 -3.700844899631517 1.8379859152510376 0.0 0.0 0.0
0.1 -0.12385423558355914 0.9691500815868631 4.614682492122381 0.0 0.0 0.0
0.1 -1.5965208446612995 2.0445803767849124 3.1255233958920305 0.0 0.0 0.0
0.1 1.0237990399237333 4.581897284096924 -3.3104888661609246 0.0 0.0 0.0
0.1 2.899048854093804 2.6745475192489976 1.4042978773781363 0.0 0.0 0.0
0.1 1.1772422595215835 0.9199449159557139 -4.549794221629311 0.0 0.0 0.0
0.1 -2.046426836798479 2.856755107794869 2.5181116865899162 0.0 0.0 0.0
0.1 -5.971861711179236 -0.7440558550899989 2.1581869458697978 0.0 0.0 0.0
0.1 -3.1144200137853475 1.396305642450605 -6.088949003859771 0.0 0.0 0.0
0.1 -3.478723298318023 5.776023413090935 1.321171014444809 0.0 0.0 0.0
0.1 5.260357076917086 -1.0561475473277666 0.5804888559548008 0.0 0.0 0.0
0.1 0.60710027142683 -2.6888447679594187 2.9853549169561524 0.0 0.0 0.0
0.1 6.518374660458898 -0.6724081569309206 0.39158846732167063 0.0 0.0 0.0
0.1 1.8165541318483684 2.258304234959813 -4.521897888951946 0.0 0.0 0.0
0.1 4.78813335896736 -4.798152727753516 -0.5918456516586987 0.0 0.0 0.0
0.1 -2.526256875506661 -3.2889495654137892 0.9703888214085439 0.0 0.0 0.0
0.1 -1.553850405107297 -6.4407353794728825 -0.8362023644400807 0.0 0.0 0.0
0.1 1.6554387775716457 -4.996604703438365 -3.4453965241864 0.0 0.0 0.0
0.1 5.518791430199069 -1.2649128787290203 -3.6818962519800484 0.0 0.0 0.0
0.1 -1.445274856113985 -0.012515598357615664 -1.2935374415501684 0.0 0.0 0.0
0.1 -3.8067741758762557 3.547484871806634 -0.30715214514731354 0.0 0.0 0.0
0.1 -1.937675325650874 1.1508915448193182 5.177568811630255 0.0 0.0 0.0
0.1 -1.2071716346416168 -5.928765378967727 -0.25270931353563825 0.0 0.0 0.0
0.1 0.44682401984387893 1.2618977079089269 -4.872723915189931 0.0 0.0 0.0
0.1 -2.182686862083166 -1.30533612273864 -6.442638395532264 0.0 0.0 0.0
0.1 0.7760927371928168 3.0402314599380333 0.9280229062372304 0.0 0.0 0.0
0.1 2.4735419499404525 -2.347933220711904 1.7517438718655052 0.0 0.0 0.0
0.1 3.044206858354509 3.32119839144092 3.8586573543305485 0.0 0.0 0.0
0.1 4.083155620127707 -2.450390750699505 -4.426670469921757 0.0 0.0 0.0
0.1 6.007235459405461 0.4887818658756737 0.4206568007345692 0.0 0.0 0.0
0.1 -3.957016547444849 2.1920182182426053 3.7633288974856622 0.0 0.0 0.0
0.1 0.041539484783444165 -0.46686049958767517 0.5064968227514698 0.0 0.0 0.0
0.1 1.063071302767693 -6.431646112504834 0.13567751966029198 0.0 0.0 0.0
0.1 -1.9365686462830083 -2.181998003431903 -0.3220252597539882 0.0 0.0 0.0
0.1 -2.5571565123191355 -2.417630792433954 0.7223897097153519 0.0 0.0 0.0
0.1 -3.168242101968246 -5.050536478646606 -3.9280711968520863 0.0 0.0 0.0
0.1 0.9863944695129505 -4.025547083840717 1.3637879591689628 0.0 0.0 0.0
0.1 -2.9672760754909824 2.258735102152391 -2.4001100158812334 0.0 0.0 0.0
0.1 4.100902937479026 0.034121929633998016 2.5678027602373743 0.0 0.0 0.0
0.1 1.75820476038693 -2.314307212819061 -3.7816593535134246 0.0 0.0 0.0
0.1 4.271119238544346 -3.779236557060733 -3.466573175007721 0.0 0.0 0.0
0.1 -3.031762630545256 -2.8387546883377786 1.0375059789928522 0.0 0.0 0.0
0.1 -4.036646962982186 1.3629159462383167 -0.681215465936123 0.0 0.0 0.0
0.1 -4.728370067248008 -1.5472069632040693 2.7195913081914895 0.0 0.0 0.0
0.1 5.203705333340122 -0.6962818632385814 -4.887184860146746 0.0 0.0 0.0
0.1 4.06885567254496 -3.477111474584046 -2.0870790283037923 0.0 0.0 0.0
0.1 3.984144629288372 -1.0489149463707144 2.1355145337931276 0.0 0.0 0.0
0.1 -3.5724144384549925 -1.1704392673749329 -2.831293461322402 0.0 0.0 0.0
0.1 4.615497959494048 -0.472593262552046 -1.6923598451975688 0.0 0.0 0.0
0.1 1.6432475751973825 -3.4932542956059405 -5.9540562198546345 0.0 0.0 0.0
0.1 4.624678387673197 4.880030389588262 -1.2233927381680048 0.0 0.0 0.0
0.1 -3.324813810034315 2.3680488655535683 2.422811259826134 0.0 0.0 0.0
0.1 -3.72681423310899 -1.8703356864285905 2.3519753124468785 0.0 0.0 0.0
0.1 -2.8087809138364768 1.49196783299972 1.0833305445012107 0.0 0.0 0.0
0.1 -3.873666557824452 -0.9520136009602262 -5.771438242450128 0.0 0.0 0.0
0.1 0.5143700694518831 -0.2992844474203809 -0.18472641714850688 0.0 0.0 0.0
0.1 -2.185032061398087 -0.16067778276313804 2.956989456169324 0.0 0.0 0.0
0.1 -4.542843969109732 3.334302345784566 -2.357094083425384 0.0 0.0 0.0
0.1 3.6631726038736554 -6.032946758592612 1.052830106703763 0.0 0.0 0.0
0.1 -2.66099269240006 1.8473577467461573 -2.8816510069997343 0.0 0.0 0.0
0.1 3.2563528556114036 2.0788778939981785 -2.654783933859086 0.0 0.0 0.0
0.1 6.546180813716046 -2.185136604615038 1.4055482983029135 0.0 0.0 0.0
0.1 -5.572663372122254 -3.677584923793466 -1.236294986551292 0.0 0.0 0.0
0.1 0.08708292645168939 -4.693231287325947 4.340509253044402 0.0 0.0 0.0
0.1 -3.6495156844029326 -1.3462836219994172 -2.568047203950013 0.0 0.0 0.0
0.1 3.992966898823898 -1.60919623782836 5.141807057213706 0.0 0.0 0.0
0.1 0.3718911346524742 4.838200734291683 1.9880692986276975 0.0 0.0 0.0
0.1 0.9746129248407753 2.4826952428017828 0.43341579370654565 0.0 0.0 0.0
0.1 5.79487790399195 0.9586741808296332 -2.5566684395252133 0.0 0.0 0.0
0.1 -1.0386535837875288 -5.549753094226834 -0.5244697416685679 0.0 0.0 0.0
0.1 2.8261376081876604 3.851071098593947 2.1918402690115215 0.0 0.0 0.0
0.1 4.065647404911604 0.4569065814217978 -2.2477416210398493 0.0 0.0 0.0
0.1 -2.48754096217923 -4.811000763830312 -3.4858967500228077 0.0 0.0 0.0
0.1 0.4098410308768417 -3.80225329184783 1.7787811298447727 0.0 0.0 0.0
0.1 4.58494333325885 4.1574589089243945 -0.8070494296566935 0.0 0.0 0.0
0.1 -0.5152313385750749 -4.932900500112369 -1.3743651360073303 0.0 0.0 0.0
0.1 -0.5361268497236403 3.7080706646939796 6.062661726027804 0.0 0.0 0.0
0.1 1.603371820885747 5.360022686931442 4.104620011151717 0.0 0.0 0.0
0.1 2.382142100691218 -2.3148963249559467 4.865785751899847 0.0 0.0 0.0
0.1 3.6431588949163065 -2.1395624068256596 -1.0717062366263042 0.0 0.0 0.0
0.1 3.156163026626543 -1.2749350479710022 -4.965426432825392 0.0 0.0 0.0
0.1 -1.7399122097595014 3.240311040094651 -4.991921112705022 0.0 0.0 0.0
0.1 -5.466371060626389 -1.8876200508502199 -2.0248601023769566 0.0 0.0 0.0
0.1 2.985384363070343 -3.1782739896354815 -1.787936743333994 0.0 0.0 0.0
0.1 0.7565194375947674 -6.523380905336828 -1.7465613582920971 0.0 0.0 0.0
0.1 -0.5751133887953204 -2.2655651965722674 -0.8365994655610033 0.0 0.0 0.0
0.1 -3.5296397043866183 1.8241521186596554 -5.90979325154248 0.0 0.0 0.0
0.1 -5.449972851218408 -2.0948360772493566 -3.985347614697621 0.0 0.0 0.0
0.1 -1.2634276373473434 3.7018306930368516 -0.6864194855621933 0.0 0.0 0.0
0.1 3.2130765169335547 1.2993372141904365 0.6824382650566369 0.0 0.0 0.0
0.1 0.2794515322782136 -0.9136572237690336 2.4249885433736984 0.0 0.0 0.0
0.1 -6.003919382105223 -3.4692071233610897 -0.6413415170905783 0.0 0.0 0.0
0.1 2.1669793652124425 -4.158031125726506 1.173533860551441 0.0 0.0 0.0
0.1 5.507345070131588 1.1941613255485442 -0.8689920217356741 0.0 0.0 0.0
0.1 -3.1458416027340403 -4.663716995475262 -2.4407656208942545 0.0 0.0 0.0
0.1 -5.790083110861039 -2.439980730151554 1.1744686552588075 0.0 0.0 0.0
0.1 0.45545784530631656 -0.6017856338858654 -2.12002113976611 0.0 0.0 0.0
0.1 -2.23985627846729 -0.17956439124608572 -6.211351863383911 0.0 0.0 0.0
0.1 0.04018441177201838 -1.8346578526994621 1.9009429592634604 0.0 0.0 0.0
0.1 -6.0758456129890455 0.45113509698460713 1.8685803850509284 0.0 0.0 0.0
0.1 1.0223687376997088 1.601665621245172 -0.8674169394169318 0.0 0.0 0.0
0.1 -5.921090116803488 -2.736253098664737 -1.7235717549461227 0.0 0.0 0.0
0.1 -2.8477621039044 -3.122043557577472 5.564072196169888 0.0 0.0 0.0
0.1 4.7393341586405064 4.84187196064899 1.7958167852007496 0.0 0.0 0.0
0.1 0.2908402878495584 -1.5899215824482706 -1.3489393930438924 0.0 0.0 0.0
0.1 -1.731949763353639 -0.23914386271811558 0.9799894588267818 0.0 0.0 0.0
0.1 -0.4841654373017908 -2.152061904173334 1.2794888364770236 0.0 0.0 0.0
0.1 0.5059143894733854 5.713341086588382 3.5982271840736066 0.0 0.0 0.0
0.1 -4.496654116188165 -4.514184276327771 1.8240323672118264 0.0 0.0 0.0
0.1 -2.5304003979931102 -2.2947500915603998 0.22296460482228062 0.0 0.0 0.0
0.1 2.226392602395074 -1.9077816051495726 4.185726408487572 0.0 0.0 0.0
0.1 -3.946862661832672 -2.3917052111482255 -1.5080197552223937 0.0 0.0 0.0
0.1 6.823842927724749 0.8939273668288417 0.1873669770571504 0.0 0.0 0.0
0.1 -5.835786196482203 3.156434605639133 0.21996955789128847 0.0 0.0 0.0
0.1 0.5456448847494285 -1.1477545741076542 2.950811509869205 0.0 0.0 0.0
0.1 -3.4454034126534308 -2.064134264210068 2.6584531862821583 0.0 0.0 0.0
0.1 -0.5304130885876274 2.868786467228013 5.2765779395930315 0.0 0.0 0.0
0.1 0.6890604741387742 -2.283689656978952 4.072430735856421 0.0 0.0 0.0
0.1 -5.263063066113761 -0.8255098321025849 1.9533518209345324 0.0 0.0 0.0
0.1 2.380646193277738 -0.78049983541471 -0.4187686048879627 0.0 0.0 0.0
0.1 -1.4592677428044984 -0.24490660777573045 -0.4229630178740841 0.0 0.0 0.0
0.1 5.820575381352194 -0.42112149770004503 -0.16868778407873294 0.0 0.0 0.0
0.1 1.7892502755823367 0.6926491739006027 -2.1572340590708317 0.0 0.0 0.0
0.1 4.62672856473148 -2.3261596976895507 -0.3086689198392899 0.0 0.0 0.0
0.1 -0.6130628658251777 -1.5097753088334571 5.257169989174622 0.0 0.0 0.0
0.1 -0.6849305905850976 -5.831009734741151 -0.18823463912636446 0.0 0.0 0.0
0.1 -2.291284152955281 -0.9115832310728744 -3.7001983136663896 0.0 0.0 0.0
0.1 0.1686109068795376 2.2656679101378656 -4.815507190122428 0.0 0.0 0.0
0.1 1.913685329256783 -3.7779445540091925 -3.8404629570788416 0.0 0.0 0.0
0.1 0.8359141656937943 -5.774867576169836 -0.8239747001108194 0.0 0.0 0.0
0.1 3.6862922308448423 4.4360968023383345 0.11363210158088721 0.0 0.0 0.0
0.1 4.2755796375940305 -4.24350477973638 -1.1874483299179182 0.0 0.0 0.0
0.1 5.9429095677127135 3.257158007056519 0.18076026592972666 0.0 0.0 0.0
0.1 -4.090819007091887 0.21965861271389606 3.8312114130756654 0.0 0.0 0.0
0.1 0.8402423892084435 6.402434220584836 3.1119691860885004 0.0 0.0 0.0
0.1 3.0930922375276357 4.202176060751167 -0.7181702198247621 0.0 0.0 0.0
0.1 3.0169565469084043 -0.5672232789128836 -4.0866041493157566 0.0 0.0 0.0
0.1 -0.7946331828773182 0.327593054683539 6.167763097435054 0.0 0.0 0.0
0.1 -2.618991100412316 3.948155821693777 -4.3313690716594 0.0 0.0 0.0
0.1 -1.553920766800617 -1.0051113306167467 4.1248229910658 0.0 0.0 0.0
0.1 3.0580072008457493 6.119235376136365 -0.18772918865445318 0.0 0.0 0.0
0.1 6.416222117272725 -1.4012166382665794 1.0606226149803064 0.0 0.0 0.0
0.1 0.0020579138645093202 -0.4913628699273297 -3.3384634297221063 0.0 0.0 0.0
0.1 -3.0211621454748236 0.7302800994444042 2.762558136558027 0.0 0.0 0.0
0.1 -2.028527317463266 4.278567056512305 -0.7477385469570381 0.0 0.0 0.0
0.1 1.9177436903040692 -0.8135380606282325 -3.4466771353681955 0.0 0.0 0.0
0.1 -0.7162992853413246 -2.6775367716508973 5.608283494963158 0.0 0.0 0.0
0.1 -3.6018039811488274 3.3619756957813065 -1.3464012157287755 0.0 0.0 0.0
0.1 -2.8065493566126896 2.7867384595330287 -3.2450783833843637 0.0 0.0 0.0
0.1 -2.0813108032682432 -5.531447999573829 0.5638896712233287 0.0 0.0 0.0
0.1 -4.416684568361783 1.2752069100917713 -3.3175532405475296 0.0 0.0 0.0
0.1 -1.8424770964867514 -4.741589154919638 1.505919695070322 0.0 0.0 0.0
0.1 -0.8456245955445597 -2.6315989911780076 -0.5554911657250982 0.0 0.0 0.0
0.1 -6.998801629781511 1.0958439536118874 0.3913478912667081 0.0 0.0 0.0
0.1 -3.0347088675845297 4.408560292032387 1.9779662040034407 0.0 0.0 0.0
0.1 -3.3892556233179594 0.24509370548576617 5.28925285503625 0.0 0.0 0.0
0.1 -1.004428660054845 -3.751812333392598 2.0839474472402797 0.0 0.0 0.0
0.1 -4.520285415485277 -3.5597243318001883 2.2293135098323047 0.0 0.0 0.0
0.1 -1.15325263868342 0.6528853087630111 -5.180580401949185 0.0 0.0 0.0
0.1 2.522822128600723 -1.872514704364754 1.3302645811849618 0.0 0.0 0.0
0.1 -0.32371666281364936 5.201145905353137 -4.808315125813533 0.0 0.0 0.0
0.1 4.234290424377581 -0.945105960666601 3.7828200148311164 0.0 0.0 0.0
0.1 4.442006280267683 -0.2742877339348433 1.2066463235526028 0.0 0.0 0.0
0.1 -5.86972081602079 -2.647503068800351 -0.021376906540950532 0.0 0.0 0.0
0.1 -3.95659342848739 -3.3102851600680214 -3.6324837944712893 0.0 0.0 0.0
0.1 -1.8181281896372972 -1.5357393636485546 4.424315928118846 0.0 0.0 0.0
0.1 4.569099467329091 3.0897261445174684 4.248475752004171 0.0 0.0 0.0
0.1 -0.11465419919599966 -6.037751024855731 2.5040161256273414 0.0 0.0 0.0
0.1 -4.0250776743410075 -4.358458249025185 -0.10741279968084613 0.0 0.0 0.0
0.1 3.7659523259784184 4.72203227048399 -2.1899571576414076 0.0 0.0 0.0
0.1 0.29311890404572966 -1.5065412888907423 6.024086679982727 0.0 0.0 0.0
0.1 5.015795551960626 -0.8739111625054492 -2.339668782979973 0.0 0.0 0.0
0.1 6.656224989833541 0.7172766035914184 -2.196186969455629 0.0 0.0 0.0
0.1 -3.4984143964694874 1.9306670212792032 5.359334525203805 0.0 0.0 0.0
0.1 -0.9908762989940935 4.750186425361047 3.269896011199678 0.0 0.0 0.0
0.1 -0.9887061171693566 0.8385028805311644 4.9251599616381405 0.0 0.0 0.0
0.1 2.018831154368816 -1.329040063421606 -5.793287453470399 0.0 0.0 0.0
0.1 0.989735061273138 0.716214299328445 -1.7635593591508545 0.0 0.0 0.0
0.1 3.190495516877403 -0.6604992055259207 0.9885356633967228 0.0 0.0 0.0
0.1 -0.890163964491665 -1.6658377160274243 2.5629150916164134 0.0 0.0 0.0
0.1 3.955439211410369 0.7943358560846712 -1.2909626360167945 0.0 0.0 0.0
0.1 5.495182957231925 -1.3640513941590182 2.9418189310644096 0.0 0.0 0.0
0.1 0.2968918719285811 -4.379986097104946 -3.110798613574486 0.0 0.0 0.0
0.1 -4.774926621824059 -3.5289315717174072 -0.9498335185662552 0.0 0.0 0.0
0.1 3.5874643014430436 -2.0305872531354594 5.710904843534071 0.0 0.0 0.0
0.1 -4.479331251212105 0.33895619317869485 -2.7826012471988415 0.0 0.0 0.0
0.1 -4.468384832923463 -2.6535721658689515 4.218076371210938 0.0 0.0 0.0
0.1 -4.060271561740843 3.219919800770121 -3.3022890332312116 0.0 0.0 0.0
0.1 4.0678381666082855 -2.032377877288753 4.938604368629945 0.0 0.0 0.0
0.1 -2.65506244884611 -1.9633618594723545 -3.9123471904153315 0.0 0.0 0.0
0.1 2.1737735627674013 -3.3418213848174876 -2.5648477379669328 0.0 0.0 0.0
0.1 3.9005321878760384 4.825789563793277 -0.6852881416756684 0.0 0.0 0.0
0.1 2.057717900547309 2.6274865160268863 -1.5667728348236776 0.0 0.0 0.0
0.1 0.19680929359550425 0.32540222892113246 3.6661170528746387 0.0 0.0 0.0
0.1 3.744304682872027 1.0247498887618707 0.8346022905855579 0.0 0.0 0.0
0.1 1.617874180118959 3.8044555547726153 2.782205439923833 0.0 0.0 0.0
0.1 -2.609383722189662 2.5140091441216126 -1.693678331339484 0.0 0.0 0.0
0.1 0.277503883938629 -4.212139554290859 5.435283594503231 0.0 0.0 0.0
0.1 -3.87410874508831 -0.3895539473032279 6.0326116270569745 0.0 0.0 0.0
0.1 1.50458911464283 -5.128683804623555 1.7963325313430716 0.0 0.0 0.0
0.1 4.317836725935422 -2.196519464913994 -3.263965915656203 0.0 0.0 0.0
0.1 0.9263716468994776 1.9544127643791591 6.394414839595202 0.0 0.0 0.0
0.1 -0.6895088283815178 5.2439554690228025 -2.9958636310222193 0.0 0.0 0.0
0.1 -2.2331041741641946 -3.990742333856746 4.14903986743217 0.0 0.0 0.0
0.1 3.7605299676223094 3.9640790091331075 4.210534762271165 0.0 0.0 0.0
0.1 0.1011820313160798 -1.7567585165158215 5.220447090497433 0.0 0.0 0.0
0.1 -1.2625532552749539 -3.17995734526664 -5.797258403043512 0.0 0.0 0.0
0.1 -1.7398967444627844 1.2500542933197036 1.6862739684587789 0.0 0.0 0.0
0.1 4.108953232397371 -0.3562738072500859 0.4541983929798157 0.0 0.0 0.0
0.1 3.7336220556462703 -0.49309372375925964 1.6592754090631139 0.0 0.0 0.0
0.1 -0.6958162822978051 -4.46478207076569 -2.5018541771426768 0.0 0.0 0.0
0.1 2.9846885303268618 5.0034589513377945 2.9131582582974165 0.0 0.0 0.0
0.1 -1.3080079227068566 -4.337485435917746 -3.048385142452325 0.0 0.0 0.0
0.1 2.08369756842009 -2.7695846864816343 -1.7233910327295032 0.0 0.0 0.0
0.1 1.644770467204893 -1.3291681593698756 3.04317209640779 0.0 0.0 0.0
0.1 3.808053343850487 1.9662639418052157 -5.42923796629904 0.0 0.0 0.0
0.1 2.073970237786191 -2.509697783619338 4.078702420975973 0.0 0.0 0.0
0.1 3.709731346194587 1.4955863456429368 1.3221035926867255 0.0 0.0 0.0
0.1 -3.957489247221577 -3.075686347518412 4.746285622515873 0.0 0.0 0.0
0.1 1.300218214044498 6.215461040542743 1.2567288127344667 0.0 0.0 0.0
0.1 -2.5696204255447337 0.7827383873662159 -4.869652528175095 0.0 0.0 0.0
0.1 0.03758819774366592 -1.2171500053508564 -6.869879986925737 0.0 0.0 0.0
0.1 -1.9960262749765743 -4.539965757655881 -3.6081056775934197 0.0 0.0 0.0
0.1 4.156565743849073 3.161627309862774 1.4161650634012517 0.0 0.0 0.0
0.1 0.6470257061762933 0.21471735903585012 -5.846727093181657 0.0 0.0 0.0
0.1 7.060573097743746 0.9469147382483607 -0.939374542150224 0.0 0.0 0.0
0.1 4.58392411191572 2.000874490925737 -4.024921418152836 0.0 0.0 0.0
0.1 3.0669790385714633 -1.877488062443765 2.2894261655836368 0.0 0.0 0.0
0.1 -1.7047878485154233 -6.336515066353615 -0.18541611653593948 0.0 0.0 0.0
0.1 2.246290110294398 -1.467899635916956 -2.2505238419821176 0.0 0.0 0.0
0.1 -4.56310594631187 0.5254172182215184 3.571115892067601 0.0 0.0 0.0
0.1 -3.688172509768321 -2.761574146799734 3.9901292012015315 0.0 0.0 0.0
0.1 -6.2737824767011166 -1.5343509001686135 -0.6683207327691237 0.0 0.0 0.0
0.1 1.2983968336181009 -5.431229852526673 4.352418394032944 0.0 0.0 0.0
0.1 -1.9652516691879824 -4.344125149476929 0.22143457754079432 0.0 0.0 0.0
0.1 2.2266675352246095 6.381564904407634 0.10500930289078388 0.0 0.0 0.0
0.1 -3.9782717995771653 -1.0728684259301078 -0.43654852051985515 0.0 0.0 0.0
0.1 4.301103846349204 -4.830531604904504 -1.890217746571355 0.0 0.0 0.0
0.1 -2.728140872730522 -4.876847286433577 1.9272636184590557 0.0 0.0 0.0
0.1 1.8552334280389355 1.5221526984194607 -5.471906592836421 0.0 0.0 0.0
0.1 -2.3255494403597905 4.870900160554054 -2.728783630104481 0.0 0.0 0.0
0.1 -2.2029924550398237 -2.806796106382083 4.072915539533841 0.0 0.0 0.0
0.1 -2.4776886657506236 -1.3804081420895513 -5.895944419222116 0.0 0.0 0.0
0.1 0.34685399541479867 -0.8648616898315609 3.968973060375742 0.0 0.0 0.0
0.1 1.015687842434283 5.529361692746888 3.5715796349227147 0.0 0.0 0.0
0.1 -6.989316819951183 -0.07767814646886173 -0.8725441730322054 0.0 0.0 0.0
0.1 6.3516002706867045 2.566284392438929 -0.042449567651646994 0.0 0.0 0.0
0.1 4.060807903018017 2.3122742002034906 -0.46448930366979285 0.0 0.0 0.0
0.1 2.846594281802451 1.0808661702294182 2.7680282001970657 0.0 0.0 0.0
0.1 4.686610958922586 -2.028072217658284 3.754543572821933 0.0 0.0 0.0
0.1 6.718658610314278 0.7281954752272436 -0.797868703183931 0.0 0.0 0.0
0.1 0.7580903680638389 6.864103033437156 1.517046352241922 0.0 0.0 0.0
0.1 2.024728456224019 -0.3658886421194224 6.0160476197841515 0.0 0.0 0.0
0.1 2.7475896409616887 -4.086886179703645 -3.749685101552124 0.0 0.0 0.0
0.1 0.7968900313891116 -5.422372580604365 -2.5399367240389563 0.0 0.0 0.0
0.1 -4.293934674780522 -2.3455612195453037 -1.5964377192359653 0.0 0.0 0.0
0.1 -3.0161396768589395 2.9688244362082856 -2.5962832364284547 0.0 0.0 0.0
0.1 1.039156098598337 2.13439638720627 0.023177709658465294 0.0 0.0 0.0
0.1 2.7455332945534576 -2.769963666014617 -5.957004264803656 0.0 0.0 0.0
0.1 -0.9013531728494154 2.7338435367103755 2.49678883139239 0.0 0.0 0.0
0.1 3.964281125174856 -4.378675288919241 -1.9300765400711133 0.0 0.0 0.0
0.1 -5.8903939327276085 3.7341266720998125 -0.5056913967470702 0.0 0.0 0.0
0.1 3.17380782450627 -4.805856164083062 2.091213210960003 0.0 0.0 0.0
0.1 -4.5703589254033385 4.141307409781799 3.074029240887247 0.0 0.0 0.0
0.1 -3.0768477410824695 5.620549437322006 3.0459572443640193 0.0 0.0 0.0
0.1 0.7774171428847481 -4.261256447412384 5.649678807942209 0.0 0.0 0.0
0.1 3.0878092519468407 4.410447448321749 -3.4478258136292994 0.0 0.0 0.0
0.1 2.7048153535511488 1.3629733152702423 4.0253187541987705 0.0 0.0 0.0
0.1 3.2263518967732594 3.307807210239823 3.6611582308096144 0.0 0.0 0.0
0.1 6.439083485718721 0.8008736053772335 0.41775119774078706 0.0 0.0 0.0
0.1 3.8421178142067585 -2.442981287167754 -3.4511924424755067 0.0 0.0 0.0
0.1 0.26196470577584235 5.157416778135002 1.3089757844103902 0.0 0.0 0.0
0.1 -3.3638823281096273 3.53434353767313 -4.651392041411116 0.0 0.0 0.0
0.1 2.1633550175155163 5.549327170665225 -3.8693823555868767 0.0 0.0 0.0
0.1 0.8104028827145124 -3.5022344699759063 -1.418269029099769 0.0 0.0 0.0
0.1 3.1762522028926266 2.3237320974904723 -2.5897992495359032 0.0 0.0 0.0
0.1 -1.282087624473027 -2.408608768127016 3.5194623222928985 0.0 0.0 0.0
0.1 2.671956353155515 6.108862671790456 0.9068331295237068 0.0 0.0 0.0
0.1 -1.6475325025940755 2.10075832341423 -4.709161201767982 0.0 0.0 0.0
0.1 -5.727687988396529 1.112000347001435 -3.9692578137271455 0.0 0.0 0.0
0.1 -1.906953694045227 -0.15028164590967938 6.476933285713607 0.0 0.0 0.0
0.1 4.074480413124075 -2.936261383868394 -2.6785993513241086 0.0 0.0 0.0
0.1 -0.18013987388804198 1.3914343863809524 -3.9857691376389313 0.0 0.0 0.0
0.1 -3.613260582656118 -5.831808193848009 -1.8924873089827878 0.0 0.0 0.0
0.1 3.1940946661035996 5.950670246237275 2.2814933984504147 0.0 0.0 0.0
0.1 -3.6893108913219548 2.699156952959672 -3.56052949216517 0.0 0.0 0.0
0.1 -1.7490050954267125 -5.240927722649566 -0.8714823907331414 0.0 0.0 0.0
0.1 5.583876248662828 -1.2541711733550833 -3.113341400117323 0.0 0.0 0.0
0.1 -1.5554148275518527 -0.2211655309750753 -3.7543342368788135 0.0 0.0 0.0
0.1 1.7688207964555809 4.743372812787943 1.5713707938974109 0.0 0.0 0.0
0.1 1.0905303565691034 -3.4349397181634624 -6.130344299910852 0.0 0.0 0.0
0.1 -3.798539807986639 -2.8444546561522572 2.679706423001093 0.0 0.0 0.0
0.1 2.3525882053954255 1.6794780684385602 -4.4381437866754805 0.0 0.0 0.0
0.1 5.549903863579803 4.450637256848818 0.5166854899595589 0.0 0.0 0.0
0.1 -1.7169376581779927 0.42200414039381595 4.072587909528534 0.0 0.0 0.0
0.1 -0.9159650771490357 -2.141492502854999 0.5464703898551141 0.0 0.0 0.0
0.1 0.036316731503937445 5.6807880264078054 -3.8728445919315195 0.0 0.0 0.0
0.1 -3.784629035614333 -2.1174896607710716 -0.6051523790632016 0.0 0.0 0.0
0.1 -0.08875028181085695 0.5104534370153606 1.5042568247751282 0.0 0.0 0.0
0.1 2.817156707663917 -5.913681952149639 -1.805297792649096 0.0 0.0 0.0
0.1 3.5998450992847917 -1.6514009217660506 3.733773401457442 0.0 0.0 0.0
0.1 -1.4256523839077353 -2.5836928032069237 3.398366238911116 0.0 0.0 0.0
0.1 -0.9447659362313474 4.0729440971304225 -2.846229104940982 0.0 0.0 0.0
0.1 3.2476065178682894 2.9324625242823172 3.957687504790592 0.0 0.0 0.0
0.1 2.3141491398185607 1.4285668365697994 0.5608465044264834 0.0 0.0 0.0
0.1 -0.19821990079670404 -4.862595331378624 0.1843983718881413 0.0 0.0 0.0
0.1 -2.7581954594122156 -3.738719252742473 1.3592871528250905 0.0 0.0 0.0
0.1 -0.7157812012878362 2.690367983604848 -5.546385835243866 0.0 0.0 0.0
0.1 -5.55622061434831 -3.5728968256345697 -2.6751751655782634 0.0 0.0 0.0
0.1 1.8989705724058854 1.7496132695634456 -1.1896316536556188 0.0 0.0 0.0
0.1 2.7824772880330535 1.8660809303330121 6.270018160426933 0.0 0.0 0.0
0.1 -1.0131982696645392 1.0928057384674248 2.636517466068552 0.0 0.0 0.0
0.1 -0.9139677874925333 1.9192998793406193 -2.473092177026513 0.0 0.0 0.0
0.1 3.057369865144737 1.0569016239894737 -0.20609263340630762 0.0 0.0 0.0
0.1 -0.9540467195731006 -3.433829085575284 -3.166583644102543 0.0 0.0 0.0
0.1 0.35470862136765424 -3.086448068583868 -2.4900528509622695 0.0 0.0 0.0
0.1 -0.7901850046597354 -0.3586029617376016 7.060958128037457 0.0 0.0 0.0
0.1 -3.033274123532963 -1.4927385309163184 -4.560209446187271 0.0 0.0 0.0
0.1 1.0533163136215622 -0.8826448631788496 -3.3089879864307776 0.0 0.0 0.0
0.1 4.259122664434711 4.202615783864679 0.8195340183321642 0.0 0.0 0.0
0.1 -3.831327334332591 1.2948572930303783 -5.267777537194278 0.0 0.0 0.0
0.1 2.7158525074379742 3.3932475216078544 -5.081315963662019 0.0 0.0 0.0
0.1 -4.301892838537758 -2.4147460289914 -1.9879830482027367 0.0 0.0 0.0
0.1 4.697269224406907 2.5578245898621046 -2.711026337981731 0.0 0.0 0.0
0.1 -3.3467900841478064 0.5387339895053584 -1.0349580862633543 0.0 0.0 0.0
0.1 1.2141756402733572 -1.0199108085319142 -2.722021014203687 0.0 0.0 0.0
0.1 -4.247107446753971 0.8380046137809912 -4.2982622195744185 0.0 0.0 0.0
0.1 -1.547669146471164 1.5636833759414737 -1.3278069513523965 0.0 0.0 0.0
0.1 5.1064243411781645 -3.231592473005592 -1.7671986674748958 0.0 0.0 0.0
0.1 3.2024883816479686 -0.9311679722269978 -0.7202670941501192 0.0 0.0 0.0
0.1 6.933911178628818 0.6750198204330222 1.7274779354853338 0.0 0.0 0.0
0.1 -2.267319577415111 -0.7106419560596479 5.70648064472765 0.0 0.0 0.0
0.1 -1.7716717332693315 4.971780845084645 -4.111195373679807 0.0 0.0 0.0
0.1 0.5265027978582132 -4.519647111475304 -0.1782742466090911 0.0 0.0 0.0
0.1 1.8351223309993991 -4.711544362763506 0.3341954863815769 0.0 0.0 0.0
0.1 1.052698614964237 0.38818277692522457 -2.2110473644015474 0.0 0.0 0.0
0.1 -5.279980608150869 1.9860572832338712 0.3050343340789591 0.0 0.0 0.0
0.1 -1.6432651723520457 0.8577532769957921 -4.759819845092569 0.0 0.0 0.0
0.1 -3.6221943031248536 5.783212616133437 0.6108788723265067 0.0 0.0 0.0
0.1 2.555704025456318 -2.531544108197257 -5.950810623158556 0.0 0.0 0.0
0.1 2.5823675581630545 1.0688991984599001 0.4631266354642565 0.0 0.0 0.0
0.1 2.699194228020925 -3.7665686864674193 -3.4541293815374075 0.0 0.0 0.0
0.1 -2.28900080471897 -0.18656103043057684 0.32300271829051197 0.0 0.0 0.0
0.1 2.4642313006850554 3.170911720110461 -4.3302789702363595 0.0 0.0 0.0
0.1 -2.3906416524726546 -0.5685242697383849 -2.6825371349937694 0.0 0.0 0.0
0.1 -5.87263293793811 -1.8370230398993619 1.9963643886687172 0.0 0.0 0.0
0.1 2.1771259706432144 0.466077081557464 3.445953724501522 0.0 0.0 0.0
0.1 -3.595243196686129 -5.429049878015102 -1.542254460819954 0.0 0.0 0.0
0.1 2.827133688336602 -4.471971811340935 -2.3775252490312884 0.0 0.0 0.0
0.1 -0.045847287878996244 2.5186346518222082 -0.08631665515716927 0.0 0.0 0.0
0.1 -2.2716891102038352 -1.2395529677818924 -0.547411179163603 0.0 0.0 0.0
0.1 0.3251845333898311 -4.030728882804877 3.8541918504796224 0.0 0.0 0.0
0.1 0.6540311899756426 5.214751167682551 3.2831262911558348 0.0 0.0 0.0
0.1 -2.960247153666845 3.6496478013471 -4.418973560555046 0.0 0.0 0.0
0.1 -5.877762336958793 1.7417532190680762 -0.4463160343148836 0.0 0.0 0.0
0.1 6.684439522536539 0.2597487742706663 0.7483348136756058 0.0 0.0 0.0
0.1 0.16194253104278702 -2.378644043950004 -4.398226280407831 0.0 0.0 0.0
0.1 5.5044990664133335 -1.5489389420298214 -1.4308729535477502 0.0 0.0 0.0
0.1 -3.0808831100121314 -3.9870552171778604 4.304775350879329 0.0 0.0 0.0
0.1 -0.1465924194301225 -3.563992674194721 4.986596769670129 0.0 0.0 0.0
0.1 2.8693576237772613 -4.495231170077004 2.880529586517262 0.0 0.0 0.0
0.1 -3.182812351649712 -2.8976169854968616 -1.9914146708336322 0.0 0.0 0.0
0.1 -2.2313537447578238 1.810311625991963 -2.160630635217897 0.0 0.0 0.0
0.1 -3.8491726055953968 3.9809014759249544 -1.0340732586143786 0.0 0.0 0.0
0.1 3.4857103997415 -2.438535408787007 4.397894917733209 0.0 0.0 0.0
0.1 2.569838698186974 2.399505047981362 5.106105332518292 0.0 0.0 0.0
0.1 4.661950892223393 -3.3942167316567566 -0.38036250667360244 0.0 0.0 0.0
0.1 2.683638067040864 2.6323043689399 -0.4023720096995218 0.0 0.0 0.0
0.1 1.655703563367692 2.2630423439970677 -6.176213252959246 0.0 0.0 0.0
0.1 0.09000689035475098 -4.888663015901747 -3.5450814604953007 0.0 0.0 0.0
0.1 2.387425020506914 -0.35576393572850845 2.717473594481054 0.0 0.0 0.0
0.1 -4.383071825937013 -0.5440070456986345 -3.9330370645746444 0.0 0.0 0.0
0.1 -2.883476006633842 5.93682670485428 -2.3120190372737803 0.0 0.0 0.0
0.1 2.6364346705333497 3.284594058628868 -2.1997226707651296 0.0 0.0 0.0
0.1 3.183874928966013 0.15687343431116887 0.47854796752244727 0.0 0.0 0.0
0.1 -0.32097317807342185 5.937048043361034 -3.2366975233013884 0.0 0.0 0.0
0.1 1.6614174151479624 1.5768329080996324 4.961278558063149 0.0 0.0 0.0
0.1 -3.0976781127163107 -5.331951156789027 1.875942801393179 0.0 0.0 0.0
0.1 0.6919264204792634 0.80822019651306 -3.0990292680334974 0.0 0.0 0.0
0.1 2.529683328949165 -6.259016901242736 -0.03394897921353603 0.0 0.0 0.0
0.1 -0.7971661053694421 -2.784341176135822 3.584954991182607 0.0 0.0 0.0
0.1 3.427628438622619 3.8510045897701084 -3.12926263226623 0.0 0.0 0.0
0.1 -4.301695684448688 4.461205116732953 2.985568249052711 0.0 0.0 0.0
0.1 5.591229025199278 2.080361332853593 -1.6266553352902522 0.0 0.0 0.0
0.1 -2.8852281965574984 2.6296499158972746 5.2465078132808145 0.0 0.0 0.0
0.1 2.1293583212008103 -4.328814220487849 3.2054495502522453 0.0 0.0 0.0
0.1 -0.37541369743385516 -0.004092791635768536 -4.451241483938523 0.0 0.0 0.0
0.1 5.433411962649182 -0.7419929719251931 -1.5107248175794301 0.0 0.0 0.0
0.1 -5.513582699213131 -0.2114094532247254 3.810977971625588 0.0 0.0 0.0
0.1 0.9624735084343574 4.392750395678789 1.0843953642403505 0.0 0.0 0.0
0.1 -6.4740689677478365 -0.6838501188461245 -0.38627280457386703 0.0 0.0 0.0
0.1 -1.5084966090864629 -2.6607956266638055 5.205584334572383 0.0 0.0 0.0
0.1 5.0065487992922835 1.2162535718012573 -0.4007040973259562 0.0 0.0 0.0
0.1 -4.434153522703655 -4.082795545534591 1.0823400281768767 0.0 0.0 0.0
0.1 -0.9625863970992478 0.7633055650128766 1.400821383021845 0.0 0.0 0.0
0.1 5.080527049248552 0.3254161633458138 -1.3795759137383508 0.0 0.0 0.0
0.1 -3.1737182932048618 6.1718601069767445 -0.8313939781195224 0.0 0.0 0.0
0.1 3.9016565362854068 2.091131579850703 4.572087975777799 0.0 0.0 0.0
0.1 5.286488963246272 0.15479787216964705 3.831505141562456 0.0 0.0 0.0
0.1 0.24715236499152743 -5.195420724594862 -4.255013180176333 0.0 0.0 0.0
0.1 3.1312575335030117 -5.302556099318996 -1.2443298280949424 0.0 0.0 0.0
0.1 2.933133174685766 1.5034175745886422 2.604383356548361 0.0 0.0 0.0
0.1 -1.3172686451363782 -1.758940143201159 -5.7292252968156605 0.0 0.0 0.0
0.1 3.9391109509403113 3.95552463014295 -2.331361369967367 0.0 0.0 0.0
0.1 3.6642663759743344 -1.1300412925134635 -4.683655195422014 0.0 0.0 0.0
0.1 2.179050600221343 2.4760755794766984 -3.4774984422287103 0.0 0.0 0.0
0.1 6.047447169607018 -0.2545780583536547 2.1368123455940458 0.0 0.0 0.0
0.1 -1.0632749598027393 6.537420481768236 1.482480586098218 0.0 0.0 0.0
0.1 2.5078559015749247 5.95607567128033 -2.0462994479181584 0.0 0.0 0.0
0.1 2.8194247708739812 -1.2775437901319961 2.9681433997663684 0.0 0.0 0.0
0.1 1.7085848965339738 -1.1798607139848605 -3.8444171478898506 0.0 0.0 0.0
0.1 1.9925841780950984 3.642121663969832 1.0845672320508792 0.0 0.0 0.0
0.1 -2.5045072320788035 -2.5825383646344156 -0.3852451783436808 0.0 0.0 0.0
0.1 -2.894888218843459 2.789181816068445 -2.2301392290539734 0.0 0.0 0.0
0.1 -0.6539242247630033 -6.573974530658074 1.5184385699901897 0.0 0.0 0.0
0.1 -1.616933620430431 2.538017294315226 5.462643123395202 0.0 0.0 0.0
0.1 1.4004064787968846 5.2177811479920395 3.9734779905236532 0.0 0.0 0.0
0.1 -1.2964220630215884 -1.4752555666458265 5.945195628367945 0.0 0.0 0.0
0.1 2.8462363658413716 -0.3319598213035135 -5.7732933836228435 0.0 0.0 0.0
0.1 0.6375737429937108 -1.7396174059477427 -1.2892952953050978 0.0 0.0 0.0
0.1 -1.0413520207204245 5.104791788974556 -3.193441426167647 0.0 0.0 0.0
0.1 -2.2617218991820858 -3.234646715961801 -0.9870662632030469 0.0 0.0 0.0
0.1 1.1847770047704165 2.277012371408141 -0.4227815148044975 0.0 0.0 0.0
0.1 2.462225837583538 -2.209816229923251 -0.8082448512051575 0.0 0.0 0.0
0.1 -0.8665560051613906 2.4752127940733653 3.3449944755606467 0.0 0.0 0.0
0.1 -2.2187541603002208 -3.2063439685570203 3.9158779090619036 0.0 0.0 0.0
0.1 4.136744248358523 2.2454075127309143 -5.081937982534923 0.0 0.0 0.0
0.1 4.342401577731516 -3.7934027848936656 4.234692407621978 0.0 0.0 0.0
0.1 -2.7196567165290335 3.1363031287325676 0.9500196178549006 0.0 0.0 0.0
0.1 -2.526843865207931 -5.958724516137757 -1.5480172847526303 0.0 0.0 0.0
0.1 -4.931748798704924 -1.0369389233643131 1.8475930559159102 0.0 0.0 0.0
0.1 -3.149227461082985 5.49056957874468 0.3837759340434377 0.0 0.0 0.0
0.1 -3.844092982517423 -2.313263242636517 -1.1467701730505895 0.0 0.0 0.0
0.1 -0.7568366902219889 2.2518246198294185 4.958619603221645 0.0 0.0 0.0
0.1 0.6108323987868627 2.9836455316063586 -5.273526005349155 0.0 0.0 0.0
0.1 1.2128313770976056 -3.430391422459437 5.2561794788578275 0.0 0.0 0.0
0.1 -0.6060949022379369 -4.01673992606145 5.505992929539831 0.0 0.0 0.0
0.1 -3.9502137683813383 -4.027213977887244 -4.283040351465902 0.0 0.0 0.0
0.1 1.2407661709312017 -2.4565960024273172 -2.3530658545825607 0.0 0.0 0.0
0.1 1.1681766830735265 1.6176652707295747 3.3965011394748346 0.0 0.0 0.0
0.1 -0.9591050656685693 1.4166375821545187 -3.355817697686842 0.0 0.0 0.0
0.1 -0.6174228103988824 1.0085866627258095 -6.567033138636327 0.0 0.0 0.0
0.1 0.8984105127271325 2.3260798226148554 -1.4195119082953003 0.0 0.0 0.0
0.1 -2.4003995505930917 5.5898094917561485 -2.645088697746771 0.0 0.0 0.0
0.1 -1.9396769242040104 5.04732464780741 -4.715294013211746 0.0 0.0 0.0
0.1 0.47047697612067424 -1.0895085278325127 -3.7546306282246915 0.0 0.0 0.0
0.1 1.728653197275691 5.878067502142544 -1.5113214052402395 0.0 0.0 0.0
0.1 2.254467363523715 3.332972307575867 1.7433508001359137 0.0 0.0 0.0
0.1 3.816265382116103 -1.2806224731640874 3.311998597752535 0.0 0.0 0.0
0.1 -3.0408795597279488 -5.626708830464247 2.9797820357805134 0.0 0.0 0.0
0.1 -3.796070677741773 1.3126781784580628 -4.096875548932209 0.0 0.0 0.0
0.1 4.330313632067366 3.3062476408518413 1.391485711117249 0.0 0.0 0.0
0.1 0.025052474443462026 2.802096920880989 -4.418731688212164 0.0 0.0 0.0
0.1 -0.8769912261362109 3.6975321486690245 -3.96166478869315 0.0 0.0 0.0
0.1 -2.888872849137306 -0.2043619641386421 -2.3319002428413356 0.0 0.0 0.0
0.1 -1.5559589074664286 -1.8923449419456175 3.249777536946233 0.0 0.0 0.0
0.1 1.2276553836522337 -5.822110129959185 2.7562396421971114 0.0 0.0 0.0
0.1 1.8646818481270035 -4.177351160489183 2.5171475125041294 0.0 0.0 0.0
0.1 -0.6392470289651356 -3.4061798535607046 6.037619571066541 0.0 0.0 0.0
0.1 5.008508384980818 -1.1896162498216583 4.313151125434 0.0 0.0 0.0
0.1 4.024373640096844 1.6148726940492015 -3.0253180266316475 0.0 0.0 0.0
0.1 4.080293969434523 0.30540059474385717 3.24314437062007 0.0 0.0 0.0
0.1 -0.4447366791447705 -5.892234479803973 1.4250951657724116 0.0 0.0 0.0
0.1 -1.8772706744306678 -2.709341986109247 -4.111434995220483 0.0 0.0 0.0
0.1 -5.688434443976447 1.2744354470966703 -2.864748344133324 0.0 0.0 0.0
0.1 3.630911282643021 -0.5666385666203833 -4.253195716468722 0.0 0.0 0.0
0.1 2.71226489077759 -2.8010632614708544 -0.750086017023544 0.0 0.0 0.0
0.1 5.391623976296017 -2.3759718394587264 3.8636276877259905 0.0 0.0 0.0
0.1 4.826611014917844 4.635245328090105 -1.8657989732571265 0.0 0.0 0.0
0.1 -1.4091665785649234 -6.167951283285427 -2.550803201896028 0.0 0.0 0.0
0.1 5.70965323919958 2.652800891035456 -1.142604227258006 0.0 0.0 0.0
0.1 6.210953789727611 0.24636955345847122 -0.5658891655520519 0.0 0.0 0.0
0.1 -2.427330594098348 1.6813027444074784 -1.2560392610022173 0.0 0.0 0.0
0.1 2.003497587432006 -1.432589161007947 4.148858003551433 0.0 0.0 0.0
0.1 0.056034835946045324 -1.6801723972087774 0.3264148870756718 0.0 0.0 0.0
0.1 -0.32687328177899166 -2.5170414465560964 -0.012391495076901059 0.0 0.0 0.0
0.1 5.34416053142849 -0.023669605024645525 -2.008034350753892 0.0 0.0 0.0
0.1 1.8646203233211212 -0.4630699221343106 4.2056970211821305 0.0 0.0 0.0
0.1 0.7569614934227571 -3.9931057966857977 4.4731892121231525 0.0 0.0 0.0
0.1 -4.046456232619257 -1.2596694896421885 -2.3163255408315564 0.0 0.0 0.0
0.1 0.3761035992127653 1.2622638767968422 -0.3231607134446899 0.0 0.0 0.0
0.1 2.507660476376403 -3.6327635278314587 -2.1649611793189023 0.0 0.0 0.0
0.1 5.010006521927441 -1.1858373733627199 -3.7324553086986505 0.0 0.0 0.0
0.1 -5.520776221551668 3.3625150968173227 0.5932729774973383 0.0 0.0 0.0
0.1 -0.7124747109472483 -0.22047403327971987 4.968513516018608 0.0 0.0 0.0
0.1 4.417943712379935 -4.531772650971573 -1.6474071701235593 0.0 0.0 0.0
0.1 4.282457553404298 0.9760187972696198 0.015591063450731283 0.0 0.0 0.0
0.1 -2.3907119874398597 -1.4452768084927605 -1.182461145515355 0.0 0.0 0.0
0.1 -3.957593311201329 1.3948504815205718 1.9906917561405917 0.0 0.0 0.0
0.1 5.698960738174434 -0.13571523829967996 -3.915910864905936 0.0 0.0 0.0
0.1 0.6685882669531528 2.138980824094887 -1.3141325465716922 0.0 0.0 0.0
0.1 2.2415323554207953 2.9145104680087064 -1.9174949056829382 0.0 0.0 0.0
0.1 -0.8789504642106595 -0.658733427742313 -5.625317371812198 0.0 0.0 0.0
0.1 6.353104097867828 -2.5530508853084872 -0.42464038337041393 0.0 0.0 0.0
0.1 -3.822821547751411 -3.248706528547287 -1.3687755451382784 0.0 0.0 0.0
0.1 -5.4796320094143045 0.7133991381552605 2.4870898416532183 0.0 0.0 0.0
0.1 -0.5185594816217006 2.594917649189181 6.103249354322322 0.0 0.0 0.0
0.1 1.7965426409716514 4.229665213306633 3.2062735285799673 0.0 0.0 0.0
0.1 1.6082233844110125 2.7464401084710395 -4.785543444157754 0.0 0.0 0.0
0.1 1.3900218068658907 1.0743641935639086 4.283058925726108 0.0 0.0 0.0
0.1 -1.2728650416202576 -0.16731269840796759 3.543019231388185 0.0 0.0 0.0
0.1 -5.324115423650322 0.6498027234997064 1.1156006636749694 0.0 0.0 0.0
0.1 1.2263747834501704 -1.3502760931430573 -0.6987218687854413 0.0 0.0 0.0
0.1 -1.7690436350463163 -3.776422975161872 -5.416812542155317 0.0 0.0 0.0
0.1 -1.7897356476769657 -2.6842625494357337 1.565978422252808 0.0 0.0 0.0
0.1 2.3457003174884314 -4.108739014101815 5.074747642917221 0.0 0.0 0.0
0.1 -1.492875877976255 -2.6953481217032325 5.3121053982362145 0.0 0.0 0.0
0.1 4.247971657390672 -2.4313019820115986 -1.4970657623261439 0.0 0.0 0.0
0.1 6.046826229027147 0.03774087331963873 -1.3825236169549204 0.0 0.0 0.0
0.1 4.9499587542159995 -1.6402901371204839 -0.4136773134083124 0.0 0.0 0.0
0.1 3.7205378139656915 -4.4960661151163945 -0.5211408904098453 0.0 0.0 0.0
0.1 0.2829395558468665 3.9440118039198877 1.3680461653022005 0.0 0.0 0.0
0.1 -4.281111026187834 -2.4610759244104825 4.264358179856187 0.0 0.0 0.0
0.1 3.66809555292888 0.8343171419734556 -3.1954317218659907 0.0 0.0 0.0
0.1 -4.433094155441418 -0.5779790569575464 -1.4953330050155424 0.0 0.0 0.0
0.1 -3.3762408642815354 -5.229985656040553 -0.4545918995516742 0.0 0.0 0.0
0.1 -2.900979977209693 -4.563186055562201 2.133890738214159 0.0 0.0 0.0
0.1 -4.653797216020563 2.971659164612339 -3.533722888745414 0.0 0.0 0.0
0.1 -4.848411253787059 1.3120648255663487 -3.1538416966530147 0.0 0.0 0.0
0.1 1.3732148112207527 -4.521503396235582 -0.8380442143654515 0.0 0.0 0.0
0.1 -5.976280624523027 -1.8082138074693757 0.8623652733229502 0.0 0.0 0.0
0.1 -3.8369001091449197 -4.116672232567456 3.493286509752382 0.0 0.0 0.0
0.1 -1.3529309744622495 5.2699798627088885 -2.517980888082128 0.0 0.0 0.0
0.1 5.27645034948491 2.097834989419292 -3.511278938752281 0.0 0.0 0.0
0.1 3.7278658912031144 2.9010167310383945 0.9439748611914601 0.0 0.0 0.0
0.1 4.710816038617197 -4.539647232169025 2.590621724876324 0.0 0.0 0.0
0.1 5.762973552162906 -3.707679905625298 -0.3429210236992868 0.0 0.0 0.0
0.1 6.693986154455594 -2.0225307550234604 1.5504573623271938 0.0 0.0 0.0
0.1 -3.468341684319681 -3.7405544922168703 0.3214248833574887 0.0 0.0 0.0
0.1 -1.0660871229590234 -0.19515313288278702 -1.633183572544408 0.0 0.0 0.0
0.1 1.3358077844748768 3.8924390338556165 0.11443373163821592 0.0 0.0 0.0
0.1 -1.2480321474370486 4.61027718244328 -0.09529335076612244 0.0 0.0 0.0
0.1 2.7736370659532215 -0.5461917162534283 0.4461599149503635 0.0 0.0 0.0
0.1 -3.222076851465774 1.2731494453440133 4.7980991909686885 0.0 0.0 0.0
0.1 -2.8561541730844984 0.5572180986856553 -5.500033316441508 0.0 0.0 0.0
0.1 3.4584507171834646 2.214504462538544 -3.7132265631878214 0.0 0.0 0.0
0.1 1.7613175652867963 -2.1514000550985033 1.2246732641745854 0.0 0.0 0.0
0.1 4.409502329969863 -1.365325328344368 3.211881036079587 0.0 0.0 0.0
0.1 0.3735872910228457 -2.0933008911201165 -4.738022070912799 0.0 0.0 0.0
0.1 -5.4558262347631254 -0.31541671350187056 4.255776510293537 0.0 0.0 0.0
0.1 2.5418286245808326 -0.6177248297894333 -1.7773166853850828 0.0 0.0 0.0
0.1 -2.548236493722242 1.8823665906113125 -3.6769811877730123 0.0 0.0 0.0
0.1 2.318770137478725 2.5792962202405243 -4.33709309163986 0.0 0.0 0.0
0.1 0.4483699229237008 -4.653569141621245 -5.033372345456895 0.0 0.0 0.0
0.1 2.2953057508522443 3.5783610959576277 3.163619247996724 0.0 0.0 0.0
0.1 2.2641973040290946 0.6822515762299907 -2.6754403892846903 0.0 0.0 0.0
0.1 -1.6390852043865924 6.5395594794667735 1.4808396007459281 0.0 0.0 0.0
0.1 -0.574463064752818 -1.3479503120169158 2.2202450358115917 0.0 0.0 0.0
0.1 3.867268343750527 -1.5327983020319749 0.8371371764146627 0.0 0.0 0.0
0.1 4.966950832611649 1.8842883668276469 -2.3130753095971115 0.0 0.0 0.0
0.1 2.594565909725253 4.229745178634258 1.0678263501759486 0.0 0.0 0.0
0.1 5.907179038874233 -0.6871048573889456 3.6380109643415066 0.0 0.0 0.0
0.1 2.050911913706518 0.09644114205777823 -1.6986500130468416 0.0 0.0 0.0
0.1 1.4990896127242106 -6.278877113998484 1.9259730450618784 0.0 0.0 0.0
0.1 -1.2270657291397151 1.644300700884765 -5.41071692694937 0.0 0.0 0.0
0.1 0.5159592489395881 -3.2206179406745306 4.255040050210198 0.0 0.0 0.0
0.1 2.04669265590016 4.244535750711026 -3.9902921731764325 0.0 0.0 0.0
0.1 -5.873855075034295 -0.9149308138745545 -1.2612722935169378 0.0 0.0 0.0
0.1 -2.505658498670316 4.381415582731191 -2.9998796447982423 0.0 0.0 0.0
0.1 -2.264419293875581 -0.2560215102939588 -5.578379322786919 0.0 0.0 0.0
0.1 -1.99470506377856 -2.7647114210190757 3.0890789762849136 0.0 0.0 0.0
0.1 2.702818098617403 -5.111002444660588 -1.1735536220362406 0.0 0.0 0.0
0.1 0.6705896230182955 -5.850925987826128 -0.10801906240469689 0.0 0.0 0.0
0.1 -0.9005135433310035 -1.9524895958920323 5.93098753677301 0.0 0.0 0.0
0.1 -3.6620984159237393 -3.892475452190386 -1.3830220919878466 0.0 0.0 0.0
0.1 1.6620162520838266 2.410520596887875 1.848614534543075 0.0 0.0 0.0
0.1 4.099429793264546 0.19428831479714478 -2.5405239796893966 0.0 0.0 0.0
0.1 0.8307235773210194 -3.2413201871214494 2.2692693830201334 0.0 0.0 0.0
0.1 -5.034222967149278 -0.3024499632133846 -2.0905064504585535 0.0 0.0 0.0
0.1 -4.040582565374508 -2.5087011602545912 4.495215981383171 0.0 0.0 0.0
0.1 -0.989454499069991 0.8317125392724203 -5.013739246750416 0.0 0.0 0.0
0.1 3.2557442894128243 5.652026370251342 2.2457672833135685 0.0 0.0 0.0
0.1 -5.371947146536448 0.004134933139657854 1.0157956653321356 0.0 0.0 0.0
0.1 4.721060810818078 -3.3978887446734607 0.7829550092582942 0.0 0.0 0.0
0.1 3.092002462923725 -0.4021194566089818 6.05195017515885 0.0 0.0 0.0
0.1 5.158137818856934 3.2205492092339143 -0.44343451572005943 0.0 0.0 0.0
0.1 2.6225558052889277 -4.288913933725476 -0.02311037374042975 0.0 0.0 0.0
0.1 0.2860254212746922 -1.4600407376130076 -6.812337022662971 0.0 0.0 0.0
0.1 -0.7612286073497416 2.1674542283201057 5.634106431331935 0.0 0.0 0.0
0.1 4.906049547406944 3.0937590766956973 -3.8372284318721954 0.0 0.0 0.0
0.1 5.32249527253639 2.7064652153633335 2.348219940357088 0.0 0.0 0.0
0.1 3.5749629434723675 2.9477329686886278 -2.144143155004639 0.0 0.0 0.0
0.1 -0.4483272984415378 -1.7020426382529739 -0.22442600152335684 0.0 0.0 0.0
0.1 -0.2290495069707152 4.263943264873592 -1.9206267644941868 0.0 0.0 0.0
0.1 -1.622029174942229 -3.6409638184599267 -3.778522705607706 0.0 0.0 0.0
0.1 -3.1333168992802087 0.5849971556547126 4.931955980478624 0.0 0.0 0.0
0.1 -6.522595479547626 -2.3906851663551683 1.5683762276403432 0.0 0.0 0.0
0.1 6.2853497134689365 1.6808699962900018 -2.895892161510794 0.0 0.0 0.0
0.1 5.010535096356977 -3.4049960922959985 -0.02585005997516651 0.0 0.0 0.0
0.1 4.493601945622774 1.7439606749336214 -0.3395252936504746 0.0 0.0 0.0
0.1 -4.054054222386146 0.030897185850208692 0.6980367647593051 0.0 0.0 0.0
0.1 4.43598043534382 4.314846137048533 -0.2700444427416234 0.0 0.0 0.0
0.1 4.390888521462279 2.203256153404903 4.0177582811782 0.0 0.0 0.0
0.1 6.332703216960155 2.295255586194519 0.8990834502966479 0.0 0.0 0.0
0.1 -4.770543812200849 -1.5309818843300884 -1.7315977644090843 0.0 0.0 0.0
0.1 -2.159014938190993 -2.866586733132697 2.9440920533182537 0.0 0.0 0.0
0.1 4.954094701679675 -3.224817625221267 -0.9957689958830179 0.0 0.0 0.0
0.1 -1.429877206398265 4.329796256476251 -0.42605010805626975 0.0 0.0 0.0
0.1 -0.14427792322265548 -5.222229473244197 -1.7239002652372517 0.0 0.0 0.0
0.1 1.1639633050676685 5.282830104894423 3.4501344489641084 0.0 0.0 0.0
0.1 6.55706756568772 0.18209348176484574 0.48491788943298025 0.0 0.0 0.0
0.1 0.6139190378660612 -4.987897934399325 3.380914412769766 0.0 0.0 0.0
0.1 3.092844994080524 4.1179410612583975 -0.952512365816573 0.0 0.0 0.0
0.1 -1.4916800661018648 -4.5240107202483495 -1.0575470414700303 0.0 0.0 0.0
0.1 3.9892177681711694 -4.946660347131892 2.9755907105008297 0.0 0.0 0.0
0.1 4.109043504769884 4.205829837779858 0.3076036416925008 0.0 0.0 0.0
0.1 -0.23974718039194268 -4.545375437477761 -2.052206390944766 0.0 0.0 0.0
0.1 1.1578839935191454 2.240331427931363 4.042058289612731 0.0 0.0 0.0
0.1 3.8705548531811824 5.717179044250168 0.5445936430813662 0.0 0.0 0.0
0.1 3.0712238307810944 5.445149225432957 -2.6855301816350496 0.0 0.0 0.0
0.1 -2.7194500383380316 -2.082447952385984 -4.197359290401438 0.0 0.0 0.0
0.1 -1.5218441417244732 -5.820101742884411 -3.317808449050807 0.0 0.0 0.0
0.1 5.589227675723289 2.3188920686938483 -2.041161210045319 0.0 0.0 0.0
0.1 -1.8575272590163943 1.9168950994149987 4.647621319562208 0.0 0.0 0.0
0.1 4.296970121815471 -2.6656063024344276 -1.303438002520085 0.0 0.0 0.0
0.1 -3.34547481236702 1.2303933385050563 0.740623022660017 0.0 0.0 0.0
0.1 2.551123312277727 4.837630723352685 -4.3383050052765615 0.0 0.0 0.0
0.1 0.4448189683472498 -2.214486046461929 -5.614460726486242 0.0 0.0 0.0
0.1 5.296371178600612 -3.4018878681028255 2.0007852259447176 0.0 0.0 0.0
0.1 3.1721763072012172 -4.318166525703455 2.891327756879766 0.0 0.0 0.0
0.1 -6.102776574073022 -1.6187064686114923 -2.5992094807745074 0.0 0.0 0.0
0.1 4.9781854078297005 -1.4166956558402497 1.235980483709422 0.0 0.0 0.0
0.1 -1.7409753573178253 -0.5649018092145777 -0.5001716993927389 0.0 0.0 0.0
0.1 1.8236436451547369 4.511746301024339 0.5479029541579896 0.0 0.0 0.0
0.1 4.050327730531097 4.1880654340631605 3.9046211063939924 0.0 0.0 0.0
0.1 0.7638182229390029 -3.006678714395451 -0.7372233115251423 0.0 0.0 0.0
0.1 0.570256271132292 2.2420491547777397 -3.665018811712659 0.0 0.0 0.0
0.1 -5.727366025905894 -3.0506571070602386 -1.7317015346738993 0.0 0.0 0.0
0.1 -4.630490715312917 -0.8364748011286823 1.4718242943151745 0.0 0.0 0.0
0.1 3.3965229540395065 1.8063618061590108 -2.295437453729692 0.0 0.0 0.0
0.1 -3.2426546408177623 0.8123005247552917 5.042343051502608 0.0 0.0 0.0
0.1 1.0688674539418785 2.7664692861064024 2.364843709526011 0.0 0.0 0.0
0.1 -3.411147624621889 -4.094673895395877 -4.468368966884084 0.0 0.0 0.0
0.1 0.08223945870517764 5.9929037849869955 2.0159324811134325 0.0 0.0 0.0
0.1 -3.3794343278579926 4.878282955885493 1.1464873443388255 0.0 0.0 0.0
0.1 1.0058843146437006 -5.468202098460351 3.1125212165366074 0.0 0.0 0.0
0.1 -0.36436892796333126 -3.1021249293180904 -1.3479073128481083 0.0 0.0 0.0
0.1 -0.6571535512552477 -0.7431995860442228 -5.826570913756917 0.0 0.0 0.0
0.1 -3.8651944662462574 1.3623612759842916 5.377246308814825 0.0 0.0 0.0
0.1 -3.7822298073808915 -4.950144304026214 0.7799595356231056 0.0 0.0 0.0
0.1 2.780493999395523 -0.5213869580209864 -6.352199367431315 0.0 0.0 0.0
0.1 2.035759664434024 -0.6536419413182751 3.2193022532508357 0.0 0.0 0.0
0.1 -0.7371727517677803 0.12494669052801578 2.8427598642861738 0.0 0.0 0.0
0.1 6.233861380249948 -1.25982873857904 1.1704383682334034 0.0 0.0 0.0
0.1 3.4527753758983732 -0.7359756856847749 -1.9193021495955231 0.0 0.0 0.0
0.1 4.097862158643923 -0.509498012852042 0.5994220567097511 0.0 0.0 0.0
0.1 1.227509810212673 4.74969850347108 4.963938279579454 0.0 0.0 0.0
0.1 4.026038826822819 -1.5481527184177395 -3.7603908570182916 0.0 0.0 0.0
0.1 1.28062122157841 4.509217792745474 -2.331469188570199 0.0 0.0 0.0
0.1 1.7542447174969689 2.0171396158367374 3.4355965885744775 0.0 0.0 0.0
0.1 1.8423185370129789 -2.4442460103136816 5.597521304453087 0.0 0.0 0.0
0.1 -2.19703235702317 1.8980183193602822 -5.906673248041079 0.0 0.0 0.0
0.1 -0.5106328988894451 -0.6795559957985922 -0.8292000347022849 0.0 0.0 0.0
0.1 1.8409401905254081 5.278802320163018 -3.5262594003644594 0.0 0.0 0.0
0.1 3.939357605263691 5.61465819290413 -1.1908882908942748 0.0 0.0 0.0
0.1 -5.017425837412183 0.25005897138534794 -1.1925467506154852 0.0 0.0 0.0
0.1 -1.869095546556223 5.350828690838596 1.5728965579411167 0.0 0.0 0.0
0.1 -0.3054081781942923 3.3697482801332086 -2.128236053757222 0.0 0.0 0.0
0.1 0.45911075274324337 0.6437172106230056 0.8481875220172478 0.0 0.0 0.0
0.1 4.601103060883364 -1.1869967900342846 0.24342937299684603 0.0 0.0 0.0
0.1 0.43597489337185524 2.6276318988227976 -0.8501844556857762 0.0 0.0 0.0
0.1 2.8863461319129056 2.730721579869995 2.446607696630101 0.0 0.0 0.0
0.1 -0.5767873340215268 -4.907693258525174 -3.8979820802528016 0.0 0.0 0.0
0.1 -1.0659826235729761 6.46636455246682 -0.784843044046366 0.0 0.0 0.0
0.1 -1.4522799370942399 -1.738942859003508 -6.681695817058371 0.0 0.0 0.0
0.1 5.874674448655275 2.374702917718279 1.2155860163569232 0.0 0.0 0.0
0.1 1.7139020743548223 -1.1821695419230693 -5.897810934379874 0.0 0.0 0.0
0.1 2.9659259393515263 2.918659526192043 0.5185964500461235 0.0 0.0 0.0
0.1 6.061658855333129 1.1454624522218246 -1.7180099177166654 0.0 0.0 0.0
0.1 -3.4422793027963046 2.327419716257195 3.2500616463027585 0.0 0.0 0.0
0.1 -4.451305368822124 0.3182809383999724 -3.2998820634566743 0.0 0.0 0.0
0.1 -0.061257465410732306 4.167488882975517 -2.9783986476265394 0.0 0.0 0.0
0.1 -2.570136764809633 1.454773882227374 -2.703695671797788 0.0 0.0 0.0
0.1 0.8759501180741273 -1.6352710660254062 2.7311502632894062 0.0 0.0 0.0
0.1 0.5425549406027058 4.762929096897845 2.0554995074288724 0.0 0.0 0.0
0.1 -4.650438970016211 -3.488675491843212 3.548571297894716 0.0 0.0 0.0
0.1 1.6201434094738991 -1.7958872144944351 -1.5253102091441386 0.0 0.0 0.0
0.1 3.926639067038136 5.130551794596376 0.9972741508278758 0.0 0.0 0.0
0.1 -2.590060164761763 -1.1080235027505256 -6.5682049719049305 0.0 0.0 0.0
0.1 -3.5653756814220796 0.3251772994347858 -2.8569938586975643 0.0 0.0 0.0
0.1 3.430644344293875 1.1499502106238588 -4.569308564338003 0.0 0.0 0.0
0.1 -5.475178109915241 -3.7300211879432066 0.8938258717723747 0.0 0.0 0.0
0.1 -1.7851913592482025 1.5474120847647588 -3.6015172700927676 0.0 0.0 0.0
0.1 -0.6285194638530697 -3.2422121884908344 -1.7328146635944524 0.0 0.0 0.0
0.1 -1.9073634449750272 5.552455732849366 -2.0425780810573886 0.0 0.0 0.0
0.1 -0.21945636070439806 0.5413817020197489 5.428220320927574 0.0 0.0 0.0
0.1 2.4909194515144426 -1.8844535048701048 2.2925624377453273 0.0 0.0 0.0
0.1 4.745796832581565 3.6579954439617293 0.9924513227514086 0.0 0.0 0.0
0.1 6.467444027093159 -0.01883828337754059 0.4132002921458585 0.0 0.0 0.0
0.1 -3.3266789473270433 -2.1277852010189005 4.6255388206924115 0.0 0.0 0.0
0.1 -5.508217391240147 0.045212059059097455 3.206680644895722 0.0 0.0 0.0
0.1 -4.7390165359469805 1.7216188496427776 -1.6169386615156376 0.0 0.0 0.0
0.1 -3.543584061616233 -5.758383291010391 -2.383240502482606 0.0 0.0 0.0
0.1 0.42362099631633143 1.6641245926721548 -0.7388178261625197 0.0 0.0 0.0
0.1 2.5176621110830033 1.7012214939672812 -1.8766603258931223 0.0 0.0 0.0
0.1 -2.855667483619392 5.483813804357596 2.815628368546256 0.0 0.0 0.0
0.1 -2.264797006793407 -2.4608982640124473 4.061538273490931 0.0 0.0 0.0
0.1 1.7566540835715994 -4.8614631772398855 -0.9531333848644666 0.0 0.0 0.0
0.1 0.03305254256629983 4.737448977478534 -1.3142945942136948 0.0 0.0 0.0
0.1 1.4676795218547147 1.2768890258019185 -5.818202210567506 0.0 0.0 0.0
0.1 -3.791962787295487 -3.1496031334771266 0.6994647157215977 0.0 0.0 0.0
0.1 3.848311796133513 -3.9485578031691593 2.6289518525679965 0.0 0.0 0.0
0.1 -3.1005228477620963 -2.6758325784030257 -2.094496276865167 0.0 0.0 0.0
0.1 -0.48422288296825206 -6.386960983922643 -1.5020108009009767 0.0 0.0 0.0
0.1 1.5396617406277124 -4.02797635558074 4.667196211281103 0.0 0.0 0.0
0.1 4.935985357148268 -3.132099954250025 -2.1636375828316345 0.0 0.0 0.0
0.1 -2.346087209554272 -4.572365568433185 2.590495282992264 0.0 0.0 0.0
0.1 -4.772137255529977 0.43869483104794516 -2.4486077506368815 0.0 0.0 0.0
0.1 4.057563798453533 1.690274291952337 -3.839831203122876 0.0 0.0 0.0
0.1 -1.783550027093459 -5.794377450133494 3.462833423572014 0.0 0.0 0.0
0.1 3.663128386296138 -1.2806601115905647 5.318456860711354 0.0 0.0 0.0
0.1 -3.46555739727055 -0.21777384038325176 4.714075173060167 0.0 0.0 0.0
0.1 -1.2070438699058854 -2.2542478176009 -5.459061375972781 0.0 0.0 0.0
0.1 -0.07439400225595795 1.2119516789907256 -0.9865215624702247 0.0 0.0 0.0
0.1 -3.67119622770434 -0.6653746570424375 -5.04243125909094 0.0 0.0 0.0
0.1 4.020302697200282 5.6552994831886805 1.8227943991633346 0.0 0.0 0.0
0.1 5.6740642728243404 2.5909147363445313 -3.4071661475038777 0.0 0.0 0.0
0.1 6.091507029911002 -1.0936108003258527 1.2312086783525429 0.0 0.0 0.0
0.1 0.6587211334774531 -6.086977998283471 3.6045737244363574 0.0 0.0 0.0
0.1 5.1422072207714695 -0.819171407593308 3.2502845657749564 0.0 0.0 0.0
0.1 5.6670361747911775 0.26672597639284423 -3.668248330908684 0.0 0.0 0.0
0.1 -0.9797911007366065 0.11544203656503178 -6.106809091759962 0.0 0.0 0.0
0.1 0.7211945295049376 -3.6053636893396073 -1.9232998678465143 0.0 0.0 0.0
0.1 -1.222222060848406 -0.038991695623835955 -3.8225281691097295 0.0 0.0 0.0
0.1 6.26336996404055 -3.0955776653171982 0.05959336095430601 0.0 0.0 0.0
0.1 -1.68149647613852 5.001367937422925 3.1592782676308304 0.0 0.0 0.0
0.1 6.131401712081091 -0.02092813478836862 -3.0141892180590313 0.0 0.0 0.0
0.1 5.480256262859 -1.1669450920005857 -2.1901202810958753 0.0 0.0 0.0
0.1 2.6821860998061786 -2.9343048212722787 -3.093771847527718 0.0 0.0 0.0
0.1 -5.022329526538864 -1.63749563073789 -0.708605235696386 0.0 0.0 0.0
0.1 3.6221263459673216 -1.5950111303725807 2.3558717722985145 0.0 0.0 0.0
0.1 -0.5581054994595116 -1.4775555956606667 -2.213266432774093 0.0 0.0 0.0
0.1 1.6661495446447492 -1.057137201546508 4.524570825716376 0.0 0.0 0.0
0.1 2.223071829635169 -2.748775778559623 2.4296509291915513 0.0 0.0 0.0
0.1 3.156939612140839 1.8573992716101029 -0.8546998268481842 0.0 0.0 0.0
0.1 1.682858356229256 2.654129822200421 3.264571972905678 0.0 0.0 0.0
0.1 -0.9612476732052594 4.988734639107281 3.224731239056262 0.0 0.0 0.0
0.1 5.60958375405109 0.8830926583575647 -3.3807160075668117 0.0 0.0 0.0
0.1 1.8950125552832844 1.4940492159114598 2.817350712964201 0.0 0.0 0.0
0.1 2.0525920396097397 -6.102547911366314 2.702396982992783 0.0 0.0 0.0
0.1 1.2911556087043996 -1.566072692608209 -4.8960536511003765 0.0 0.0 0.0
