200
0
0.5 4.688610643404764 -0.7801129079309344 -2.9235637963008085 0.0 0.0 0.0
0.5 -0.3076615509063224 -1.462999285008221 -3.9418730014062766 0.0 0.0 0.0
0.5 2.658206479230507 -0.13479862034149376 2.531791635555708 0.0 0.0 0.0
0.5 3.4277076478448127 -2.298703599676736 -4.712100196892244 0.0 0.0 0.0
0.5 -2.990639262799221 4.110512493603754 -1.863654976970438 0.0 0.0 0.0
0.5 -3.072653388489934 3.6323282834914745 -3.8529636633271407 0.0 0.0 0.0
0.5 2.4662986831210114 5.787369106353009 -0.7740744885786499 0.0 0.0 0.0
0.5 3.548086685033036 2.701240349897356 -1.2741284816178289 0.0 0.0 0.0
0.5 3.3099985428783163 -2.67074278289055 -2.5967656897579507 0.0 0.0 0.0
0.5 0.3536743046426076 -7.137424612458999 -0.6304974170201231 0.0 0.0 0.0
0.5 1.5530846605475943 -3.0912464475523014 -2.4542051914564262 0.0 0.0 0.0
0.5 2.525866375814279 -0.14011042375132468 -3.583092551063058 0.0 0.0 0.0
0.5 -1.7377545209110667 -0.358046332715258 2.4260003491094517 0.0 0.0 0.0
0.5 1.9801255191599074 -0.5618330597507483 -1.9469602401339474 0.0 0.0 0.0
0.5 2.5370977929730083 -3.664632892476834 4.14074005555183 0.0 0.0 0.0
0.5 -1.7013308941060508 -5.63567166308184 3.829255242035217 0.0 0.0 0.0
0.5 -0.7443448880373702 3.183385476631946 5.423503754474203 0.0 0.0 0.0
0.5 -1.2734934867870609 -5.255610323720444 4.680271028378028 0.0 0.0 0.0
0.5 4.156735107043095 4.98733384536141 0.5968284608424227 0.0 0.0 0.0
0.5 -5.440919688710233 -0.7854827597062441 -3.092540081116906 0.0 0.0 0.0
0.5 5.375975886179923 3.1050417948369797 3.3233713733850503 0.0 0.0 0.0
0.5 1.01455609365742 1.7024712539776043 6.887457085799149 0.0 0.0 0.0
0.5 0.22093207286323027 3.32189791274546 2.435414404744372 0.0 0.0 0.0
0.5 -0.5241922880519047 0.009395602731088219 -4.963840335834808 0.0 0.0 0.0
0.5 1.4506696219923592 -4.196378399335112 -1.0792713936785732 0.0 0.0 0.0
0.5 -3.0272631984316822 -2.8384639124108864 -0.022480189355099604 0.0 0.0 0.0
0.5 2.0538995897360564 3.6322647790996814 -0.6163629507920786 0.0 0.0 0.0
0.5 0.011215504761535842 -0.8148807897299882 -4.601309414639476 0.0 0.0 0.0
0.5 -1.7833526200050627 5.249888989864478 -0.605198005141209 0.0 0.0 0.0
0.5 -5.1192043983046736 -0.49769194238455955 0.23755049433484626 0.0 0.0 0.0
0.5 -3.6407065798170795 -5.353455351052245 0.9358292574950144 0.0 0.0 0.0
0.5 2.014610911532517 -1.398721512757482 -5.264487229725092 0.0 0.0 0.0
0.5 -5.833594427502722 3.412196900580235 -1.765507251362405 0.0 0.0 0.0
0.5 1.8101528475272304 1.1857256583848814 -2.2599277134964906 0.0 0.0 0.0
0.5 1.5057493685841847 -2.214698571028307 0.5793313734944433 0.0 0.0 0.0
0.5 -1.1877611201809328 3.5592418951135705 -5.158648885869958 0.0 0.0 0.0
0.5 4.9459042786809295 -3.446789064454687 0.900878528708267 0.0 0.0 0.0
0.5 1.8196946030636343 0.2638439508515891 -4.239787161262501 0.0 0.0 0.0
0.5 -3.554346297838612 -0.3665956708941913 -0.6859477014884384 0.0 0.0 0.0
0.5 -0.4003295758354876 -1.5509958965289905 -5.0490069461468385 0.0 0.0 0.0
0.5 -4.144460818810544 -3.9109230855015005 -3.6517274651940355 0.0 0.0 0.0
0.5 2.4991944970201967 0.10080995429998037 -2.391756918332449 0.0 0.0 0.0
0.5 0.12856394488268874 -2.5073258034993007 -3.9371253752534248 0.0 0.0 0.0
0.5 -1.0846426337906752 5.056886417066082 -3.784886005970783 0.0 0.0 0.0
0.5 3.029477541646444 -5.561395095168419 1.2093647229196505 0.0 0.0 0.0
0.5 -2.500815886857193 -5.99821437162464 0.12850901412479204 0.0 0.0 0.0
0.5 1.3598644788586807 -4.9757752227523575 2.745102553108773 0.0 0.0 0.0
0.5 -2.8942935993036967 -1.403564338161028 5.891253333427028 0.0 0.0 0.0
0.5 2.496126118157384 -1.3133302462186147 2.9228203961795005 0.0 0.0 0.0
0.5 -1.3508140237949005 0.917539363681716 6.755824199111928 0.0 0.0 0.0
0.5 -0.5352814430039163 4.186862950358045 2.478765261573654 0.0 0.0 0.0
0.5 1.5729417911037071 -3.254965464619423 4.083574124090731 0.0 0.0 0.0
0.5 1.3218290061188673 3.292650548164606 5.841874651143745 0.0 0.0 0.0
0.5 -0.5703015617897462 0.45403373454698326 -3.2760739211426206 0.0 0.0 0.0
0.5 -0.3240487567484438 5.010578749624468 -1.7102946705645021 0.0 0.0 0.0
0.5 -3.5896238018134277 1.9657752507850144 1.7937661315112166 0.0 0.0 0.0
0.5 -5.509464036557115 -2.3122256975838003 2.178883529308932 0.0 0.0 0.0
0.5 3.4546421524609787 3.6439552734101333 -1.5270651215008575 0.0 0.0 0.0
0.5 -3.467988629185241 4.817081819826467 -4.064795276732304 0.0 0.0 0.0
0.5 6.895781562074633 1.2611282973723597 -0.3973795211511564 0.0 0.0 0.0
0.5 -1.1203658853913339 3.068364118928852 -1.1987588943967722 0.0 0.0 0.0
0.5 -5.627469886387711 -4.14914347393481 0.6044164913557505 0.0 0.0 0.0
0.5 -3.4139721695065885 5.224276318957953 -0.7075685863704608 0.0 0.0 0.0
0.5 -0.43851900519423914 -3.513994465462621 -2.5624160634445268 0.0 0.0 0.0
0.5 4.94679929661528 -2.4982090988554697 2.5602296709398127 0.0 0.0 0.0
0.5 -1.5230470751047638 2.0899609307039286 -4.104353740798653 0.0 0.0 0.0
0.5 0.44317724940743536 2.3926524670051315 -6.66863611884286 0.0 0.0 0.0
0.5 -3.982072588210739 1.473033413623561 0.4854811891519663 0.0 0.0 0.0
0.5 5.877721485737413 2.5037686168740825 -3.2133873235061197 0.0 0.0 0.0
0.5 -2.0228720587358615 -5.556786845250251 -1.233782442063122 0.0 0.0 0.0
0.5 3.6345498399474843 5.712185046678256 -0.10085107953665788 0.0 0.0 0.0
0.5 4.229281505708796 4.5914471574711255 -0.5438991464972098 0.0 0.0 0.0
0.5 -1.9036531215935497 -5.385338648913121 -3.8577319488596107 0.0 0.0 0.0
0.5 -1.0662418049367375 -1.7242102808219 -6.639775549153458 0.0 0.0 0.0
0.5 -0.14349253990437358 2.403170033944293 -4.954882390238662 0.0 0.0 0.0
0.5 -3.873522584023428 0.06600238409055466 2.286160366208616 0.0 0.0 0.0
0.5 1.1486515706933655 3.586492632914457 2.367711590184478 0.0 0.0 0.0
0.5 3.731212709069307 3.2003066030008784 -2.1322329908795767 0.0 0.0 0.0
0.5 0.5608405107270422 2.7564398751561128 -2.1931421375199527 0.0 0.0 0.0
0.5 0.20183464144155 4.744397707955301 4.6161255251123565 0.0 0.0 0.0
0.5 -5.36176326290636 -0.3617950209760654 -2.258190225430523 0.0 0.0 0.0
0.5 -2.5855055451929854 0.20118215267632086 -1.8713683461642754 0.0 0.0 0.0
0.5 -4.661025330435909 0.10797412393272318 3.4208202705990214 0.0 0.0 0.0
0.5 6.044081171572268 -1.4000174326756254 2.110407143085273 0.0 0.0 0.0
0.5 0.37584382728488863 -1.6491800511583643 4.851596014575042 0.0 0.0 0.0
0.5 -2.361560393440015 -4.654617290944584 -4.6833456237725715 0.0 0.0 0.0
0.5 2.2034836988293285 -1.0979012839196496 -6.612039001304565 0.0 0.0 0.0
0.5 -3.0788976289559544 1.6693799562429996 1.1851101403959958 0.0 0.0 0.0
0.5 -1.7696522268539197 2.6522297693223353 -5.695228244445408 0.0 0.0 0.0
0.5 2.112514562623285 2.3668938914193838 -5.7880744415493535 0.0 0.0 0.0
0.5 -3.00328964900415 -2.3896156673577593 1.5950484718409643 0.0 0.0 0.0
0.5 6.029383608015671 2.112071313094825 -0.46977357622920074 0.0 0.0 0.0
0.5 -2.707352444728225 5.795673226795616 1.7516361095479949 0.0 0.0 0.0
0.5 1.1754466248217168 -0.22577886447985368 0.7772166910685885 0.0 0.0 0.0
0.5 -2.161632757077811 -5.902004207250026 2.344172708962014 0.0 0.0 0.0
0.5 0.3767066265457867 3.213137849393563 2.2001287234374494 0.0 0.0 0.0
0.5 3.3258282352901376 -2.8445511453267156 -2.0946161624477164 0.0 0.0 0.0
0.5 -1.7398187580137532 0.3912747888210279 -6.47110809848096 0.0 0.0 0.0
0.5 0.7009199198568605 4.468578809071198 2.469349524091162 0.0 0.0 0.0
0.5 4.644004156164273 -1.9503426474602878 -1.0382349488115643 0.0 0.0 0.0
0.5 -1.354764095932936 1.7525142017967599 2.8809973345003104 0.0 0.0 0.0
0.5 2.7720998196285382 0.19324048275508585 -6.333818680089057 0.0 0.0 0.0
0.5 6.17937310196785 0.5627577127325193 3.028835446323304 0.0 0.0 0.0
0.5 1.6875577696484232 -3.3945325819669048 6.049064384108615 0.0 0.0 0.0
0.5 1.158460489942884 -4.637480584674598 -4.118871342865567 0.0 0.0 0.0
0.5 -0.3898425733544244 0.5195082775195276 -4.162600040850976 0.0 0.0 0.0
0.5 -1.7140151138298791 2.0700209649347836 -1.7430235675345986 0.0 0.0 0.0
0.5 2.73259377762364 2.640254325346053 5.963314755457883 0.0 0.0 0.0
0.5 2.744693211171078 -3.7326867543912177 0.22315206578782618 0.0 0.0 0.0
0.5 2.2121781354196592 -4.814818540880949 -2.0687270145275463 0.0 0.0 0.0
0.5 -1.2313408279099598 -1.2762584025468386 -0.20281784528254482 0.0 0.0 0.0
0.5 2.4425568078407025 4.510748019383206 0.898094898748305 0.0 0.0 0.0
0.5 -3.6416784750241913 -0.9135871987085236 3.4967890648107165 0.0 0.0 0.0
0.5 -4.187921642374041 4.585123158007512 -1.0732064106862627 0.0 0.0 0.0
0.5 -2.8091849422925064 4.366528498334043 -3.7230613914303006 0.0 0.0 0.0
0.5 -3.9189176510844943 -3.826415170112804 -0.8590503841592684 0.0 0.0 0.0
0.5 0.8883394010233232 3.1950612358204555 -1.597819610053151 0.0 0.0 0.0
0.5 -5.888962982577976 -0.24265901385804772 -2.595516538626112 0.0 0.0 0.0
0.5 -2.733949636968415 1.574979289253067 -2.6873157476428977 0.0 0.0 0.0
0.5 -4.074436019648713 0.30454621856913805 3.1052317164760415 0.0 0.0 0.0
0.5 -0.059895094394086815 -1.4684291386562174 3.2272762597642792 0.0 0.0 0.0
0.5 -2.122800070593648 -3.8660796346435946 -0.052294511130199915 0.0 0.0 0.0
0.5 1.7955024551997816 -1.8729369911627685 6.240611880346247 0.0 0.0 0.0
0.5 0.611035676562565 -4.236333340335703 0.21131573220757963 0.0 0.0 0.0
0.5 -0.4198032072164811 -0.6043808739287848 -2.362722447638664 0.0 0.0 0.0
0.5 -2.873017626489341 0.5244885537258978 3.059705307434112 0.0 0.0 0.0
0.5 -6.7079582655932315 -1.5249317014708295 1.6123095673195575 0.0 0.0 0.0
0.5 4.488611938751891 1.0788620209219844 -0.701032901597614 0.0 0.0 0.0
0.5 2.7735135017529235 3.7503631266749604 0.4171975755370926 0.0 0.0 0.0
0.5 -1.9855945328785554 0.9432089183294705 2.02462283392249 0.0 0.0 0.0
0.5 5.431574520055239 2.806860465754711 0.02869652698455089 0.0 0.0 0.0
0.5 0.7995638637008067 -5.666198923112162 3.9783149955766532 0.0 0.0 0.0
0.5 2.056988740236628 2.9649829961246725 -1.0208336829429332 0.0 0.0 0.0
0.5 -2.2174137862939505 -3.6508090775705653 0.34095377095885504 0.0 0.0 0.0
0.5 -2.2497892211889576 -1.1357083762376252 -1.3743892867515977 0.0 0.0 0.0
0.5 3.634948472411545 -5.2331386698806925 -1.7037839520455258 0.0 0.0 0.0
0.5 2.431065779804766 0.6973153445263198 -1.7653572865342766 0.0 0.0 0.0
0.5 0.47733096485366744 4.3898542107641445 4.457050318490202 0.0 0.0 0.0
0.5 -2.3950659654037616 -3.0719260473479824 0.8933243133743429 0.0 0.0 0.0
0.5 2.002735828210741 4.31018651798851 1.0393461483633422 0.0 0.0 0.0
0.5 0.3854664394050701 -4.846778365935255 -3.086237673274697 0.0 0.0 0.0
0.5 -3.0682474513174673 0.06135937083902781 -6.296221348956341 0.0 0.0 0.0
0.5 4.1371639542427925 0.6235745777467299 4.043181392436882 0.0 0.0 0.0
0.5 6.159531723556416 1.8995069878697979 0.3051708249484354 0.0 0.0 0.0
0.5 -0.8882146326489181 5.1184284001089155 -1.0335392951655173 0.0 0.0 0.0
0.5 7.029158089885369 -0.161442864203654 -1.362926717011081 0.0 0.0 0.0
0.5 3.5423381871955764 -3.115128649587201 -2.248044719763986 0.0 0.0 0.0
0.5 -1.7942096918610855 2.5984642900983723 3.01487254429698 0.0 0.0 0.0
0.5 1.1505521883343042 -4.31560018355755 1.8246136250505862 0.0 0.0 0.0
0.5 3.6333968914611408 -0.33939123359898604 2.3853227329490645 0.0 0.0 0.0
0.5 4.403488564260553 1.2749110212921473 5.338690406771613 0.0 0.0 0.0
0.5 -3.0282015370706246 -1.0177894038851152 -2.644631526067954 0.0 0.0 0.0
0.5 -0.6907332259384286 -4.784469278177794 0.8450857748002165 0.0 0.0 0.0
0.5 3.4761442707374597 4.225895032018518 -2.0482117486383604 0.0 0.0 0.0
0.5 -3.803105648025598 4.9123529178985335 1.6457639994157223 0.0 0.0 0.0
0.5 -2.7103680285536 2.323461022957368 5.7668689727679014 0.0 0.0 0.0
0.5 1.5959023842865752 -4.082195246552688 5.041092412371209 0.0 0.0 0.0
0.5 -4.663380094969993 0.31023818631539823 2.9555243473209885 0.0 0.0 0.0
0.5 0.9722552481398589 -3.989348272906365 -3.704613520119582 0.0 0.0 0.0
0.5 3.324758669455274 2.5297462641418664 3.407257837352659 0.0 0.0 0.0
0.5 -2.712593098977859 1.3102713187607795 2.2690217666330743 0.0 0.0 0.0
0.5 2.8890555772811948 -2.0334589497574185 -2.333594498328545 0.0 0.0 0.0
0.5 6.943779061955636 0.8158933019937966 0.7791931604216166 0.0 0.0 0.0
0.5 -5.932289782448293 0.6565454404486564 1.9968509853169587 0.0 0.0 0.0
0.5 -3.2020217789733634 4.161944696762032 -1.435664373556418 0.0 0.0 0.0
0.5 3.503123743498627 -6.142158915670286 0.2858626665714138 0.0 0.0 0.0
0.5 1.2463138993197218 -2.3813385807089675 -6.490309328553895 0.0 0.0 0.0
0.5 -0.7582968472238477 1.0202671524303342 -1.9901023184303865 0.0 0.0 0.0
0.5 4.404700453298378 0.056002100060973635 4.797367330479066 0.0 0.0 0.0
0.5 5.082323799136731 4.08690924603238 -1.4789392359659317 0.0 0.0 0.0
0.5 -0.24582728228826364 6.980359752170348 0.5478309605933402 0.0 0.0 0.0
0.5 1.050492044583835 6.8441110652318455 -0.1914450851618508 0.0 0.0 0.0
0.5 -0.48647117404510454 6.459292427044011 -0.6669241368001909 0.0 0.0 0.0
0.5 -0.8702381065537806 4.8183323598929055 -4.219167421498522 0.0 0.0 0.0
0.5 4.975103674029038 -3.8008842528923767 2.9713775729634078 0.0 0.0 0.0
0.5 2.221415761460911 6.58020787617137 -1.2678416441952454 0.0 0.0 0.0
0.5 -0.743790126514978 1.9522431071504995 0.50204641195999 0.0 0.0 0.0
0.5 -0.050420947052100276 0.4146379108627901 -0.6763738226695022 0.0 0.0 0.0
0.5 1.2367204986921203 1.108063095838217 1.580910851233889 0.0 0.0 0.0
0.5 4.234258794670883 -2.6753735508430285 -3.13827052233089 0.0 0.0 0.0
0.5 -0.013588952937435754 5.718360218939467 -0.6630823590340782 0.0 0.0 0.0
0.5 -1.9932585273243257 0.6841434324993811 -2.2034033802440014 0.0 0.0 0.0
0.5 1.4828713221541123 -0.07091109759441272 -1.5119108672093537 0.0 0.0 0.0
0.5 5.078285907749767 -2.7554556445628866 -3.302461758229933 0.0 0.0 0.0
0.5 5.700503284668962 -0.931792807826456 -1.7200689518477132 0.0 0.0 0.0
0.5 -2.4009355053124 1.2170068087787544 1.0157587695131638 0.0 0.0 0.0
0.5 5.2560936906253355 1.8219257580177755 3.3922709541506855 0.0 0.0 0.0
0.5 -1.1000395221574661 -2.732373889522022 -1.10635511917365 0.0 0.0 0.0
0.5 2.886410820119625 -1.4617693952884403 2.224469206442184 0.0 0.0 0.0
0.5 -4.009015058553519 3.5237027911076337 1.4754615647261111 0.0 0.0 0.0
0.5 -3.9945869873487485 0.9107221399881127 -4.650901398873989 0.0 0.0 0.0
0.5 2.270337138009149 -2.4341155661731486 1.33204296154235 0.0 0.0 0.0
0.5 -3.2346301412254763 -5.691153176190018 0.9361080614317164 0.0 0.0 0.0
0.5 -3.9194478473505 4.455049479808055 -1.7747883888664804 0.0 0.0 0.0
0.5 -0.3727504953596688 -3.469582199234756 -0.6537110080314408 0.0 0.0 0.0
0.5 -2.486588336802993 -0.590732152109408 5.907520673831978 0.0 0.0 0.0
0.5 -0.985630854771838 -0.24159132988426624 -4.023773512494142 0.0 0.0 0.0
0.5 -0.31712758385481127 -0.24938051561520436 6.63700750108962 0.0 0.0 0.0
0.5 -3.6449738070382445 1.1249492420902143 2.77125083684212 0.0 0.0 0.0
0.5 -3.418967658495917 2.9222131324117626 -2.794602212622724 0.0 0.0 0.0
