200
0
0.5 -2.2434997825625906 0.6746105864087543 -1.6280283825417368 0.0 0.0 0.0
0.5 -2.2122901345148827 2.795599729218365 4.535123750866819 0.0 0.0 0.0
0.5 1.9574644555252843 -3.1101954637420453 -0.20328516385342588 0.0 0.0 0.0
0.5 1.7207182503845928 -0.9486503870638207 -5.988262351340713 0.0 0.0 0.0
0.5 2.3642642194060164 -0.9352096350747431 -4.519490182126644 0.0 0.0 0.0
0.5 -0.6005047054645481 -0.021099910505938364 2.3358426825343495 0.0 0.0 0.0
0.5 -5.067313084139961 2.124283400070539 2.967021593418946 0.0 0.0 0.0
0.5 3.5600318256908405 -2.3041703545141883 3.4941654806211533 0.0 0.0 0.0
0.5 1.3552799417445456 6.179633990981822 0.6050059025360821 0.0 0.0 0.0
0.5 -3.9374744437479166 3.647642959690713 -2.3995565224358506 0.0 0.0 0.0
0.5 1.0535183712531655 -2.7003787079305663 -3.849974535422858 0.0 0.0 0.0
0.5 -3.310942243291507 -5.514241688118132 1.9197330839608677 0.0 0.0 0.0
0.5 -4.551436868510687 1.1929574677649217 1.1061330434151975 0.0 0.0 0.0
0.5 -0.05717062950878768 -2.693240535447869 1.8806819784027093 0.0 0.0 0.0
0.5 -0.18399564929324028 4.410227679826672 -2.037775912532404 0.0 0.0 0.0
0.5 -3.089154939142715 -5.758853535303325 0.4294909310328609 0.0 0.0 0.0
0.5 4.161987374292985 -1.1045840892678203 -4.966429363502702 0.0 0.0 0.0
0.5 2.0767541726339585 3.1481573777690257 5.178791910213836 0.0 0.0 0.0
0.5 2.9665892955548636 -5.590034333183694 0.46543266677184 0.0 0.0 0.0
0.5 5.149312890659542 -2.782673529617977 -0.07480911842548124 0.0 0.0 0.0
0.5 -2.7876218832383346 -2.2866205587101045 0.00622461559640367 0.0 0.0 0.0
0.5 4.761982387715254 -1.2321304086336495 0.013531346594943079 0.0 0.0 0.0
0.5 5.29457141360263 0.8434340312773995 -1.5145750380797405 0.0 0.0 0.0
0.5 -5.036950562663145 0.6317901393317995 -0.566985046758992 0.0 0.0 0.0
0.5 5.651230625751252 1.3053781128956012 -3.4713895817272653 0.0 0.0 0.0
0.5 -3.3475488270018166 0.8176857147922905 -0.30045946275452523 0.0 0.0 0.0
0.5 2.5571128118089748 5.117607173627786 4.173508958922107 0.0 0.0 0.0
0.5 -1.072239353420153 -0.8958939730674718 4.260273479235887 0.0 0.0 0.0
0.5 -1.6823239647433064 6.145076868925016 3.175847541611987 0.0 0.0 0.0
0.5 -2.311672286110289 -5.774531844458922 1.0291862765508966 0.0 0.0 0.0
0.5 -2.3117577267510376 3.8802596304843533 0.7160112112120026 0.0 0.0 0.0
0.5 1.7520839290315897 2.508422267153352 3.223547792176092 0.0 0.0 0.0
0.5 -2.6616671251975803 4.063770457983791 1.8556673703525135 0.0 0.0 0.0
0.5 2.9794349574635572 -0.7404203910613694 -2.9125378348153417 0.0 0.0 0.0
0.5 -3.9426708836928928 -1.7380535270215989 1.8615394162098025 0.0 0.0 0.0
0.5 -1.2278001010231103 -2.937646675248294 -4.520000901972523 0.0 0.0 0.0
0.5 -3.286152078939064 -2.543897354762567 -2.180023128138246 0.0 0.0 0.0
0.5 0.6726737991828545 -3.899056907008907 -1.7108095156477483 0.0 0.0 0.0
0.5 -5.140926322235999 -3.247949180225695 -2.647509988258378 0.0 0.0 0.0
0.5 1.0364570159919173 -1.9782445625535392 3.5442463442468126 0.0 0.0 0.0
0.5 -1.1719988625090905 0.010832745292271122 1.1076348902508448 0.0 0.0 0.0
0.5 3.0313793470482713 2.071133827954307 2.056211904864464 0.0 0.0 0.0
0.5 -1.7581581980357328 -4.561590656288002 -0.4482064734096969 0.0 0.0 0.0
0.5 -1.0809798017255317 6.566070358087234 -1.2121464459987064 0.0 0.0 0.0
0.5 -1.101417514942293 -3.6346357061264207 1.5076995302023775 0.0 0.0 0.0
0.5 -4.410121120805039 -0.6416213119578003 -2.1848757211271175 0.0 0.0 0.0
0.5 6.075767937298724 1.6158361864623203 0.2740385286648685 0.0 0.0 0.0
0.5 3.8740099023705157 -1.493034246529705 3.8678535186490977 0.0 0.0 0.0
0.5 -1.640446128775784 1.9053964271547776 3.745495543780907 0.0 0.0 0.0
0.5 -3.8294106799752017 0.6167182256770126 0.7140327598405779 0.0 0.0 0.0
0.5 -4.856783611855653 1.8326813429640063 -4.797914991355825 0.0 0.0 0.0
0.5 -3.9124250036240227 3.675098668291329 1.980936256730106 0.0 0.0 0.0
0.5 3.266078896498229 0.3785875434556724 -4.769402157320728 0.0 0.0 0.0
0.5 0.9327027671847239 2.748762166731942 0.21239475399108512 0.0 0.0 0.0
0.5 -2.0660129040415236 -4.381016512651078 -1.49891033921088 0.0 0.0 0.0
0.5 5.102974331388463 2.5033692920138497 -3.7270994518032423 0.0 0.0 0.0
0.5 -4.8569597378704765 4.745443643073701 -0.5448124621959684 0.0 0.0 0.0
0.5 -1.6368323295433558 -3.01641012575106 3.037946075154399 0.0 0.0 0.0
0.5 -1.8058643824227356 -2.5053143981570853 3.14815061784184 0.0 0.0 0.0
0.5 -1.9578925845425654 0.6720074602407955 -1.2842404751566043 0.0 0.0 0.0
0.5 0.1459056114653095 -1.8127101593468484 -2.284082696773919 0.0 0.0 0.0
0.5 2.36816827429815 -4.546673141835062 -0.7045074102636943 0.0 0.0 0.0
0.5 -6.971291197300794 0.347579301427566 1.2192320186091383 0.0 0.0 0.0
0.5 -4.473238803628995 4.118557620415319 0.5052932392711827 0.0 0.0 0.0
0.5 -6.636590085685915 -1.0269839809623216 -0.8262887758286377 0.0 0.0 0.0
0.5 4.6843591006766445 1.1750113558613244 -0.4148148429896696 0.0 0.0 0.0
0.5 4.583742019887325 -2.809143667351251 -0.3719667945668596 0.0 0.0 0.0
0.5 -2.479170941962028 -1.5302664014651504 2.8418524429397665 0.0 0.0 0.0
0.5 -1.7673666238941936 -5.38813699360213 -0.9037081976158962 0.0 0.0 0.0
0.5 -3.738385531433668 5.598907198741416 -1.3781093123828927 0.0 0.0 0.0
0.5 3.148365296180215 0.14851457966399173 -5.268920289760098 0.0 0.0 0.0
0.5 0.1675715718586354 2.264918109968575 -1.1339286821227945 0.0 0.0 0.0
0.5 -0.6982474094284871 -5.297607886386181 -2.0638810065185984 0.0 0.0 0.0
0.5 -0.8532804846417403 6.2403637334937265 1.3933087112528784 0.0 0.0 0.0
0.5 -2.6075725565171877 -1.3377815044641888 2.150635209301802 0.0 0.0 0.0
0.5 6.261235073193883 -1.990841730339486 -2.0902034456899217 0.0 0.0 0.0
0.5 0.8350809954590698 -6.915939899132079 1.7301329838848458 0.0 0.0 0.0
0.5 3.651979242537968 -2.967645712735024 2.2249792960609014 0.0 0.0 0.0
0.5 0.27091719100242123 -3.268125293747578 -4.212016607488862 0.0 0.0 0.0
0.5 2.1594450238376113 4.155101625621607 5.264497044566335 0.0 0.0 0.0
0.5 -5.907733816818766 1.3472036863124561 1.8395256495897268 0.0 0.0 0.0
0.5 -4.569101229674556 2.853334940257627 4.163421536896515 0.0 0.0 0.0
0.5 6.011023689246647 -0.12311433999206543 3.332557356027487 0.0 0.0 0.0
0.5 1.7014100548659623 4.963885635049121 4.0806345038213285 0.0 0.0 0.0
0.5 2.0376797484391593 1.0039670789680533 -6.128663159392307 0.0 0.0 0.0
0.5 -1.4269405726702067 -4.890064816804883 -2.0200221273800256 0.0 0.0 0.0
0.5 0.18373883881810055 -1.95790135863252 -1.542573212048246 0.0 0.0 0.0
0.5 -6.739872637075248 -1.0210501146009077 -1.8985133444138942 0.0 0.0 0.0
0.5 3.28398209903863 -0.5553437962701616 -5.9716308878909015 0.0 0.0 0.0
0.5 1.1654996425998567 4.043359606653961 0.1207313643848966 0.0 0.0 0.0
0.5 -1.5271337208972502 3.483039386404621 -4.9106948432825375 0.0 0.0 0.0
0.5 -0.4394791027668134 -0.5271093835498486 0.9309151121380487 0.0 0.0 0.0
0.5 -0.9790456839335447 -5.359417290230501 0.30664222925396833 0.0 0.0 0.0
0.5 -1.1547922569118019 0.5231954387961414 -6.860093355950472 0.0 0.0 0.0
0.5 -2.328293763680182 2.1443849211767794 -4.9908398746842675 0.0 0.0 0.0
0.5 0.1091525685810228 -2.5395517458575445 0.1948353926686384 0.0 0.0 0.0
0.5 -2.61359640992026 4.195075125800797 -2.6920070872717856 0.0 0.0 0.0
0.5 2.2974412041551657 -0.7297134639769981 -4.246615971606374 0.0 0.0 0.0
0.5 6.455533384959189 -0.6632960957247526 0.35193894636497947 0.0 0.0 0.0
0.5 -4.953406044962381 -0.550002780583001 3.423832343983559 0.0 0.0 0.0
0.5 -1.3632215124517149 1.9844132393863325 6.622330643973194 0.0 0.0 0.0
0.5 2.06987031125297 -5.755708416483168 1.4329014043627268 0.0 0.0 0.0
0.5 -3.958037907374692 4.771165190840246 1.8186547322428503 0.0 0.0 0.0
0.5 -4.491078700753358 -3.9385267338727874 -2.5168780457696442 0.0 0.0 0.0
0.5 2.8930737228785586 6.455460314998132 0.17512440332196963 0.0 0.0 0.0
0.5 -6.861023301750778 -1.0051890367492295 0.8580761608250963 0.0 0.0 0.0
0.5 5.641820668109753 2.5434171035333506 2.527447045936879 0.0 0.0 0.0
0.5 4.616172774414155 0.10759971359854381 -3.3142610726809747 0.0 0.0 0.0
0.5 -2.613059619374582 5.394538407763339 0.4760883367340566 0.0 0.0 0.0
0.5 -5.350139505651417 4.000999420060993 1.4211627499203063 0.0 0.0 0.0
0.5 1.987865686939559 -4.079159373123679 3.8258753876722515 0.0 0.0 0.0
0.5 1.5749966348346185 -1.4317948623640753 6.613756652528771 0.0 0.0 0.0
0.5 -5.724726018614535 3.8708455833214215 1.6922708919205909 0.0 0.0 0.0
0.5 -0.5893893685610028 3.468355943996242 4.08666755120791 0.0 0.0 0.0
0.5 2.724609425682002 -1.201878984723953 -3.9958211853699788 0.0 0.0 0.0
0.5 2.162296202508501 2.3264166381625353 -1.7746565352278172 0.0 0.0 0.0
0.5 -0.37780980068746395 -5.91220229715171 -2.5345613505385445 0.0 0.0 0.0
0.5 -1.9235985605660577 1.087693841149483 -6.3111417602710835 0.0 0.0 0.0
0.5 2.457526538311577 1.136916347741488 6.072336764164537 0.0 0.0 0.0
0.5 0.49524232063405427 2.486871594576959 -2.509465653407221 0.0 0.0 0.0
0.5 2.946740168849774 -0.5541688591827599 -2.083302340094511 0.0 0.0 0.0
0.5 -6.37227035951989 1.3270912286491863 -1.5242087259724366 0.0 0.0 0.0
0.5 -1.8774228188019126 6.724855469673594 0.024177785605437357 0.0 0.0 0.0
0.5 -4.396573986029387 2.880284943539734 -3.7996742823797 0.0 0.0 0.0
0.5 1.9425955775911732 -6.008293159557696 -2.8189017359735384 0.0 0.0 0.0
0.5 4.471027673400188 4.723925183949076 2.613761089017741 0.0 0.0 0.0
0.5 0.5143868864574989 3.6513447138002233 -0.8510450926654701 0.0 0.0 0.0
0.5 -0.38000217632976313 1.1520988335190285 -6.2671409435667345 0.0 0.0 0.0
0.5 -1.8092423921457976 1.8487377729915426 6.300048487646505 0.0 0.0 0.0
0.5 2.4259544666988 0.3040004018394542 -2.2759769678065127 0.0 0.0 0.0
0.5 4.2208477324632625 -3.1846129398320326 -0.8840649526624271 0.0 0.0 0.0
0.5 1.2631837428999166 -0.824228836081253 0.5782835299151095 0.0 0.0 0.0
0.5 2.5066858871718964 -5.087779427854296 -3.708130361764325 0.0 0.0 0.0
0.5 -3.2661341095522936 3.994587723992203 1.345355129161652 0.0 0.0 0.0
0.5 5.0539933414572955 0.012238154876948843 3.087756034645716 0.0 0.0 0.0
0.5 2.4951739841885754 -0.07555977429439292 -2.44111041999437 0.0 0.0 0.0
0.5 4.417462244265086 2.8521664374624347 -4.832747404192878 0.0 0.0 0.0
0.5 -1.617146418291005 -2.1765838295988864 -4.973375277775921 0.0 0.0 0.0
0.5 -3.389550033857739 -0.9610923974969008 -4.091896719631314 0.0 0.0 0.0
0.5 -2.793347346539735 2.3312061556695935 3.7767604350183546 0.0 0.0 0.0
0.5 3.5666364379302133 -5.346427884100282 -1.6237782233119338 0.0 0.0 0.0
0.5 -4.088798165471744 2.3347790216692945 -4.0961626474583115 0.0 0.0 0.0
0.5 -2.0698395552052915 -2.6140423285994325 -1.4164384108754287 0.0 0.0 0.0
0.5 -5.684873605335668 3.2443854049609135 -1.2550871053836874 0.0 0.0 0.0
0.5 -2.189480350906787 3.970085130882283 -0.425893236428354 0.0 0.0 0.0
0.5 3.600531574670526 5.072963548397932 -0.3421230274189518 0.0 0.0 0.0
0.5 -3.9975199508085804 -2.282731498743735 0.7951060804061767 0.0 0.0 0.0
0.5 -4.131548512379955 4.408873871393397 -3.4313584207522423 0.0 0.0 0.0
0.5 -0.7611671889903324 -3.728256291255826 0.6278037973697521 0.0 0.0 0.0
0.5 -1.2057187174109263 -1.3821971151268104 0.5973099618188431 0.0 0.0 0.0
0.5 3.4208689523432354 4.062004272654874 4.461406749259443 0.0 0.0 0.0
0.5 -0.07007492417834556 4.182604859567728 -0.5656853907365327 0.0 0.0 0.0
0.5 -0.6365054248532673 3.8548844305006496 5.6487674240150785 0.0 0.0 0.0
0.5 -0.5683726894248641 -6.467584295243599 -2.272826444575978 0.0 0.0 0.0
0.5 0.45698516761524693 4.153171605172219 4.588545306289036 0.0 0.0 0.0
0.5 -2.6094798088130027 -1.1765155584033782 1.9909959042334553 0.0 0.0 0.0
0.5 -2.8794785503784444 -1.6344326050830456 2.8151702698388648 0.0 0.0 0.0
0.5 -1.4139882487181672 1.9934892524590426 2.015791462652847 0.0 0.0 0.0
0.5 4.881637028753284 3.3760949185057245 1.9922450470382087 0.0 0.0 0.0
0.5 6.353816703004366 -1.8882712480225141 2.3970882661171564 0.0 0.0 0.0
0.5 -4.1314115567916145 -2.294293036859355 2.579186592026385 0.0 0.0 0.0
0.5 2.2436160518799078 1.0702137913730125 -4.126663819955912 0.0 0.0 0.0
0.5 -1.0214164457319537 -4.757610407802118 3.437868104907459 0.0 0.0 0.0
0.5 1.6688250253982642 1.8220333621977571 3.4001455308363995 0.0 0.0 0.0
0.5 -1.9445982241669275 -0.24833176528347686 4.493037920343889 0.0 0.0 0.0
0.5 -1.7274126096441995 3.428543513038206 5.886444754882857 0.0 0.0 0.0
0.5 -1.6921084171137601 -0.19563464082140616 -1.2425846082464658 0.0 0.0 0.0
0.5 -2.016573289176221 3.6051828347116737 -1.260698161794985 0.0 0.0 0.0
0.5 -3.336765789627305 1.166372406629096 -4.168166412683067 0.0 0.0 0.0
0.5 -0.4650857057656868 -2.7500417595918285 3.7078213774314936 0.0 0.0 0.0
0.5 -0.22811740440466868 -0.779064998584045 1.812270180535752 0.0 0.0 0.0
0.5 -2.0400748829698423 5.21048125326209 1.3335900841875523 0.0 0.0 0.0
0.5 4.675313838410382 4.449458979168129 -2.685380200691476 0.0 0.0 0.0
0.5 1.2623882701784481 2.73451812972311 -6.38745877043858 0.0 0.0 0.0
0.5 -1.857446812107912 4.987433662507475 0.4896216839280708 0.0 0.0 0.0
0.5 -0.6068301673419955 -0.9495971691631251 -1.8458699560503393 0.0 0.0 0.0
0.5 1.9339262384042397 1.9374379723798925 1.7818565917096993 0.0 0.0 0.0
0.5 5.317857934228244 3.341490215249182 1.2538405019260808 0.0 0.0 0.0
0.5 4.253412800407501 -0.29173770516559433 0.378375925645995 0.0 0.0 0.0
0.5 -3.187620948048746 1.9685019856826613 -2.3186643763180967 0.0 0.0 0.0
0.5 0.6173076501828711 6.8956087846532315 0.5237261788222549 0.0 0.0 0.0
0.5 -1.3125105792431124 -5.64370646431179 -0.8454552215817964 0.0 0.0 0.0
0.5 -6.459083810650983 1.2247170906604437 1.672878390583922 0.0 0.0 0.0
0.5 1.5332273422193827 -1.4386725067271053 3.3003286107078393 0.0 0.0 0.0
0.5 5.141301218546995 0.030917113215869107 -3.5331732561884026 0.0 0.0 0.0
0.5 1.8616445731279585 5.305138696613592 -0.5047885466613575 0.0 0.0 0.0
0.5 -1.800923957754052 2.9014413039087135 -1.200800839249745 0.0 0.0 0.0
0.5 -0.766992175852086 2.7191746697425345 -0.7740557333656839 0.0 0.0 0.0
0.5 2.0060630917532816 -1.686872375901717 -5.177746634954194 0.0 0.0 0.0
0.5 3.83935332338938 -0.4346243068433163 0.3156056676391486 0.0 0.0 0.0
0.5 -3.99472518814342 2.0650209735593767 -4.506707645815799 0.0 0.0 0.0
0.5 -4.327771025910213 -5.135674285275466 0.9763666049638241 0.0 0.0 0.0
0.5 -0.5035296026872094 3.075847216465877 1.7264486352781814 0.0 0.0 0.0
0.5 0.31020685132153153 -6.9268623703846055 -0.6451035800294019 0.0 0.0 0.0
0.5 2.45857893582915 2.029502395473017 4.9480033462524835 0.0 0.0 0.0
0.5 0.36062840258343104 1.336943464467452 -0.11278557007717305 0.0 0.0 0.0
0.5 1.294067816788816 3.230482205743678 -5.9992874033489745 0.0 0.0 0.0
0.5 5.987574983387284 -2.3864610445305385 1.7263913866929432 0.0 0.0 0.0
0.5 3.3425966795003457 0.5582754807744159 -4.816052287049016 0.0 0.0 0.0
0.5 2.9815189175456034 5.277791153979507 -3.213916840827999 0.0 0.0 0.0
