400
0
0.25 4.867337027927674 -3.3090126357992053 4.043144997450419 0.0 0.0 0.0
0.25 4.4505199320065305 1.982803294448009 3.6909104472190473 0.0 0.0 0.0
0.25 -2.413369106527205 6.4179557581134095 -0.5316000189099532 0.0 0.0 0.0
0.25 -4.414351405454612 -1.5091371744243474 -0.5705325670245546 0.0 0.0 0.0
0.25 -0.46107176102786984 3.778475424420702 6.023216225291447 0.0 0.0 0.0
0.25 0.41342445973186354 4.074641148268222 0.5898635814318812 0.0 0.0 0.0
0.25 4.479739958338895 -2.290912562258079 3.962608231841358 0.0 0.0 0.0
0.25 3.4123740368353 -1.0160148059243879 1.2228065730493027 0.0 0.0 0.0
0.25 -0.1603474381441928 1.0446648987688782 3.3384465283869944 0.0 0.0 0.0
0.25 -4.13607153277035 2.31247134477932 2.4820802825375616 0.0 0.0 0.0
0.25 1.9546159045846934 2.521118806676397 -2.267883825268616 0.0 0.0 0.0
0.25 -5.627563047809469 -3.5711611671055277 0.8539831246099455 0.0 0.0 0.0
0.25 -3.2555768265113887 1.8699156842425726 -4.813922141618924 0.0 0.0 0.0
0.25 -2.6688663612880426 4.432997615128707 1.596812753061163 0.0 0.0 0.0
0.25 -3.4545048191100953 0.5995315932047977 -0.8290271001005589 0.0 0.0 0.0
0.25 2.0105470645151917 4.031375388346695 -5.537991284815155 0.0 0.0 0.0
0.25 -4.281955771590106 -2.3726686248320803 -4.571096219354245 0.0 0.0 0.0
0.25 -1.6481322623587684 -3.368557900532721 -2.9029865888497315 0.0 0.0 0.0
0.25 0.7691245400961285 4.632656781206398 0.7963068515874735 0.0 0.0 0.0
0.25 -1.9493653354554281 1.4412430960590106 -5.260060027416997 0.0 0.0 0.0
0.25 2.515711744552401 -2.03998643066711 2.2367125579600624 0.0 0.0 0.0
0.25 -3.463962329905667 3.6821531893420487 2.2081003145312983 0.0 0.0 0.0
0.25 -0.3212543550120802 0.520449088017274 0.6396641429046304 0.0 0.0 0.0
0.25 2.222389194404406 4.213128415714573 2.326439320989729 0.0 0.0 0.0
0.25 1.5666141084010783 -0.5385788047244179 -5.513453865344641 0.0 0.0 0.0
0.25 5.269796877653669 4.639988466421909 -0.059321854722597725 0.0 0.0 0.0
0.25 -3.7120424776334286 -2.0785481251827247 -5.530640113490857 0.0 0.0 0.0
0.25 -1.832722740082485 2.6187887301201416 -1.88593231408804 0.0 0.0 0.0
0.25 -2.7778675429870514 4.300872901864648 -2.662150591046499 0.0 0.0 0.0
0.25 1.0622518638361484 -2.076473613288769 4.505082764310305 0.0 0.0 0.0
0.25 1.7118745299448959 -2.2057824078456205 0.7724881748328825 0.0 0.0 0.0
0.25 -2.8226902623167986 5.350674817346204 1.4864143174455478 0.0 0.0 0.0
0.25 1.2734619498888853 3.467402340797389 -1.2678980197595717 0.0 0.0 0.0
0.25 -0.8716523956871336 -0.6628847361333027 2.5694119531851043 0.0 0.0 0.0
0.25 1.2569421438490684 -5.844734215837655 -3.1266738440395976 0.0 0.0 0.0
0.25 -3.014388671313064 -2.556881303592631 2.593833825074326 0.0 0.0 0.0
0.25 4.0020200706923506 1.643556702117103 -4.836620617490352 0.0 0.0 0.0
0.25 4.238938239451421 4.004148022207513 3.5669084771780946 0.0 0.0 0.0
0.25 2.4535537204488094 -1.69425668598362 -3.818223450529907 0.0 0.0 0.0
0.25 5.728374453433198 -0.12607864637310057 -1.4424997642712805 0.0 0.0 0.0
0.25 -0.5405384462358934 -2.9268082060974425 -1.4424859987584302 0.0 0.0 0.0
0.25 0.8117051359295702 1.406548234063764 -5.167946581245164 0.0 0.0 0.0
0.25 4.603257628100035 1.4071603238725572 3.099067527666431 0.0 0.0 0.0
0.25 5.498674106420642 -0.16764850767985084 -4.189501023578237 0.0 0.0 0.0
0.25 -0.25546972630000625 -3.187169870997894 0.9043337337793623 0.0 0.0 0.0
0.25 -0.27989375238614495 -4.403304868263453 2.465243090411957 0.0 0.0 0.0
0.25 -1.4161467127970282 -4.080177187268902 4.814349754432761 0.0 0.0 0.0
0.25 -3.5931247596448865 -3.459633753161061 4.894808731358831 0.0 0.0 0.0
0.25 -5.808574283611579 0.06479818639554547 -0.485474274121345 0.0 0.0 0.0
0.25 -3.12475600933163 -2.4486208969904335 0.9683257980698093 0.0 0.0 0.0
0.25 -0.5244401015015889 3.6603323441585838 5.9396481626472415 0.0 0.0 0.0
0.25 5.094455082244079 4.096952368373145 -0.8073860238155539 0.0 0.0 0.0
0.25 2.1018732263898094 -1.3369139383511672 -2.0262577146383323 0.0 0.0 0.0
0.25 -1.7707670968999623 3.6872132943317446 2.052290984513212 0.0 0.0 0.0
0.25 -3.7372019426841354 -2.8422542886440416 2.186826837821946 0.0 0.0 0.0
0.25 6.090029706305236 -2.5332635804124184 1.3634569359108226 0.0 0.0 0.0
0.25 2.1015442218936626 1.301128337332409 1.6462922037658594 0.0 0.0 0.0
0.25 -2.0755823634150388 2.513383383558341 5.103974429808609 0.0 0.0 0.0
0.25 5.028506812203792 1.695894181857442 0.71351467763349 0.0 0.0 0.0
0.25 1.533481894260728 4.342581734731194 2.335529911661001 0.0 0.0 0.0
0.25 1.5482791722048908 2.7661112520115387 -2.673644559452361 0.0 0.0 0.0
0.25 -0.9152511019558972 4.553383936955941 -5.407903753387465 0.0 0.0 0.0
0.25 0.7314687063549146 -5.45200308611336 -4.223824693507319 0.0 0.0 0.0
0.25 4.250190156143664 -4.93304060007256 -0.41038003363456127 0.0 0.0 0.0
0.25 2.6870858515524425 0.5391455754447272 -4.898109839204629 0.0 0.0 0.0
0.25 3.71539491301026 -0.48284642914568604 2.4401110730097257 0.0 0.0 0.0
0.25 1.1337387261949545 -0.38890678437041204 2.0823422560508296 0.0 0.0 0.0
0.25 -3.92216067283177 -0.33103276206120136 -0.8024250304983993 0.0 0.0 0.0
0.25 -0.14701411005660087 5.068192825444292 -1.954526408566385 0.0 0.0 0.0
0.25 0.10296791460576159 -2.7715511254973038 -2.0015484010809494 0.0 0.0 0.0
0.25 -4.6373994713770506 0.3563480122090016 5.37072553038538 0.0 0.0 0.0
0.25 -4.532856694455689 2.515659838000339 0.8307519396888613 0.0 0.0 0.0
0.25 5.134892094820706 -3.951541256821735 -1.7903744876511078 0.0 0.0 0.0
0.25 1.5106457707791987 -0.8555279490964389 1.1980350762035301 0.0 0.0 0.0
0.25 4.793239055911104 -4.053018858602112 2.6479148600679188 0.0 0.0 0.0
0.25 4.140452912120997 -5.570580026893351 -0.18254173166291413 0.0 0.0 0.0
0.25 3.8812788351812944 -4.708998687508832 0.9141564565942776 0.0 0.0 0.0
0.25 1.295200022219729 0.35217102476564593 -6.05265508201736 0.0 0.0 0.0
0.25 2.7473323187499594 -5.421366094059682 3.4993945823925596 0.0 0.0 0.0
0.25 5.7744388816172005 2.0858112596479206 0.03367031657208904 0.0 0.0 0.0
0.25 0.9476259431101636 -4.3274952809200755 -0.22313500697214042 0.0 0.0 0.0
0.25 -0.08371558852538437 5.473218167242749 2.744676162194333 0.0 0.0 0.0
0.25 -2.6064030008706114 1.2172090877135784 -4.2782409352778705 0.0 0.0 0.0
0.25 0.9466140029855471 -0.4560371277345901 6.125616580074801 0.0 0.0 0.0
0.25 -5.558144380058149 -1.820383453699636 -1.7579244908952414 0.0 0.0 0.0
0.25 2.187964810501264 2.248808987106491 -3.806815516844257 0.0 0.0 0.0
0.25 -3.47459166009302 -3.193916434216093 -2.908671123734035 0.0 0.0 0.0
0.25 -4.003148338082065 -2.1883823569244503 4.487433589484858 0.0 0.0 0.0
0.25 5.3445862603283665 0.3873183086441186 2.9191940016974645 0.0 0.0 0.0
0.25 -1.2341715217791405 0.39084215262469557 -3.1755523082055 0.0 0.0 0.0
0.25 -1.529251678656305 2.82404877512643 1.4867890305297518 0.0 0.0 0.0
0.25 1.8539225267988813 5.649329474987521 -0.3085919645064813 0.0 0.0 0.0
0.25 -3.4466474609789004 -4.172926962740519 4.3786537823697556 0.0 0.0 0.0
0.25 -0.40491295607613204 1.6216775310482852 0.542700131694769 0.0 0.0 0.0
0.25 -1.2242081712056518 5.887649755780648 1.5839488412149856 0.0 0.0 0.0
0.25 -4.239513423026743 0.2384870851214422 0.32796899104853394 0.0 0.0 0.0
0.25 2.147652649437971 -5.134389065073241 1.8083992156581707 0.0 0.0 0.0
0.25 -4.148797696972551 3.3932145950642796 -0.9535343116729517 0.0 0.0 0.0
0.25 -4.280633246180297 -1.6330186721118203 2.3717871536004416 0.0 0.0 0.0
0.25 -6.0708826532179625 -2.237018670897262 -0.5499792741510854 0.0 0.0 0.0
0.25 -3.8873087900436123 0.9136760696779184 1.7560947276661971 0.0 0.0 0.0
0.25 -2.3962581204416717 -2.142685147564034 0.7508323218900762 0.0 0.0 0.0
0.25 -2.220486103805788 -1.199564812200286 -3.6796530532062683 0.0 0.0 0.0
0.25 -3.07257496157186 3.2341414368970076 -4.710882336081394 0.0 0.0 0.0
0.25 0.9505874314684041 4.815744101008121 -2.8698450990224997 0.0 0.0 0.0
0.25 2.71106444461674 -0.5826858304623925 -3.4820997161144827 0.0 0.0 0.0
0.25 -1.234649541262068 -3.896279260961304 0.06469090169587333 0.0 0.0 0.0
0.25 -2.8452169899863122 -0.7568737384263488 2.454399146673136 0.0 0.0 0.0
0.25 -4.544181848298938 -2.996009747482819 1.5828261716770609 0.0 0.0 0.0
0.25 0.4286186568968172 -0.12113697261386697 -0.8646167073027117 0.0 0.0 0.0
0.25 0.18866487901430615 3.855587942847309 -3.9125295783831806 0.0 0.0 0.0
0.25 3.238641101470243 -5.677548085636338 0.05176761445482712 0.0 0.0 0.0
0.25 -5.563941626052711 -0.7968172658479782 -3.1295724257037687 0.0 0.0 0.0
0.25 -2.315655105575619 0.48286774029131035 0.6150038672440388 0.0 0.0 0.0
0.25 -1.7188894139259339 -5.089098779812576 -3.2609825887284702 0.0 0.0 0.0
0.25 -1.9641945130311804 -6.297398738458716 0.8595586083223203 0.0 0.0 0.0
0.25 6.182288517894073 1.4689584043327142 -1.222763608246535 0.0 0.0 0.0
0.25 -5.98729205415783 -0.13012038775145862 -2.817181359773905 0.0 0.0 0.0
0.25 2.965591809106898 5.014440093953624 -1.5838663047952666 0.0 0.0 0.0
0.25 -2.2515722428036655 1.504040503885008 4.458827438624689 0.0 0.0 0.0
0.25 -0.34637577390833796 -1.4367345785549266 2.8241787240428926 0.0 0.0 0.0
0.25 0.18253145360088005 -2.841890580858703 -5.561604145619819 0.0 0.0 0.0
0.25 -2.5838174074002764 -6.379182866630729 1.1452322065172755 0.0 0.0 0.0
0.25 0.5542431629065672 -1.8379025579937978 -4.222475219079616 0.0 0.0 0.0
0.25 1.2768239361448441 -0.45652607502526527 6.273656496541719 0.0 0.0 0.0
0.25 6.099888494999 0.1451594385810204 -2.0368558075408587 0.0 0.0 0.0
0.25 -3.9650197922050396 1.748670532555505 0.48255804316370265 0.0 0.0 0.0
0.25 2.2227099532562042 1.512002980094949 1.1738460554191716 0.0 0.0 0.0
0.25 -1.3642695409106778 -4.323383066047758 -1.040642104755511 0.0 0.0 0.0
0.25 -5.15589271751311 -1.0143017932362157 -3.352323279723362 0.0 0.0 0.0
0.25 3.247080085267164 -0.4786416094468635 -4.146275736936071 0.0 0.0 0.0
0.25 1.9196231775431938 6.155794306402684 -0.8715280388611808 0.0 0.0 0.0
0.25 3.180873207041964 -1.732675408243357 -1.148104255823499 0.0 0.0 0.0
0.25 -6.653457229255167 -1.635193799492307 -1.4548513084764867 0.0 0.0 0.0
0.25 1.283448275853191 0.32500569537949764 -3.0725478440327447 0.0 0.0 0.0
0.25 3.573720899896155 5.4495683338225716 -1.0857412703468996 0.0 0.0 0.0
0.25 4.155121409013583 3.0547260070817988 -1.3614845779554643 0.0 0.0 0.0
0.25 0.6598435656427526 -1.231758956167184 6.388975783220693 0.0 0.0 0.0
0.25 2.8519709338539085 1.5778645077604545 -4.716117239988987 0.0 0.0 0.0
0.25 -4.762359913547788 -4.1304531299460505 -1.3772106653600336 0.0 0.0 0.0
0.25 -0.20783374687063869 -3.6030495207830997 -1.2602551158669573 0.0 0.0 0.0
0.25 2.621641362074854 -3.0070555479796783 4.3009083110700095 0.0 0.0 0.0
0.25 -1.9594944441060733 2.9549211056337383 -5.893914809002695 0.0 0.0 0.0
0.25 -2.8349708410551093 4.3115052257493 -0.6553279132853961 0.0 0.0 0.0
0.25 2.0785375521628207 4.009055522887101 4.3922777247698175 0.0 0.0 0.0
0.25 -4.579101692107742 -4.148412866865904 -3.4912065534190977 0.0 0.0 0.0
0.25 -4.949039603184837 -0.33101587444929925 1.6067209134256297 0.0 0.0 0.0
0.25 -0.7127119007782836 -3.1865858448440565 2.666937843534475 0.0 0.0 0.0
0.25 2.453211228924259 1.5071874616062966 -3.7051825310615776 0.0 0.0 0.0
0.25 -4.229315010709933 -5.278418406655679 -0.42903249020039014 0.0 0.0 0.0
0.25 1.634479845260711 1.227499239136938 -5.878168761069163 0.0 0.0 0.0
0.25 5.350542303410668 2.762890778349166 -0.2073303492848112 0.0 0.0 0.0
0.25 -5.17536569677288 0.34954132892719547 -2.7523197824567536 0.0 0.0 0.0
0.25 3.0514486615266265 5.746796520386586 0.28146025267256153 0.0 0.0 0.0
0.25 -4.773428466209041 -4.93340508621577 -0.7554725165314885 0.0 0.0 0.0
0.25 -2.3918367829829137 -0.03299337081476149 4.414250535535826 0.0 0.0 0.0
0.25 -1.1268620716038866 -2.0237401568200735 -6.457963759296423 0.0 0.0 0.0
0.25 -2.127488109781322 -3.718808889139517 5.197984762570698 0.0 0.0 0.0
0.25 -1.5287000078083304 5.439592710896542 -2.8309899585202922 0.0 0.0 0.0
0.25 -2.9419797170171447 3.664507647725463 0.3550333294930817 0.0 0.0 0.0
0.25 0.4556643451626551 3.2861027401711387 -5.098851217984226 0.0 0.0 0.0
0.25 -3.3348717232252048 -2.597494183844607 -3.382872945035941 0.0 0.0 0.0
0.25 -4.429800275429545 1.4849544852927992 -3.981294057160943 0.0 0.0 0.0
0.25 -6.12746698659014 1.239996741093499 3.1524749454436445 0.0 0.0 0.0
0.25 1.9116176819989708 1.724761393284061 -0.18959743200078988 0.0 0.0 0.0
0.25 -4.085652437578042 -3.4540083464611 -4.640592806935287 0.0 0.0 0.0
0.25 -5.040918893523836 1.127776349521109 -0.42994179857336 0.0 0.0 0.0
0.25 -5.28968448355346 0.005304329501587893 -1.7197691015525287 0.0 0.0 0.0
0.25 -3.2051616960691525 -0.9305583844727892 1.5954162419901472 0.0 0.0 0.0
0.25 1.0080587644582755 -2.1778022004135433 -1.0409295925529347 0.0 0.0 0.0
0.25 -1.5065202985200756 0.5915851031719009 1.0503992225355387 0.0 0.0 0.0
0.25 2.118420743339683 -0.7010436000174403 -0.3340290454965464 0.0 0.0 0.0
0.25 6.337196160290807 0.7312147174347967 -2.8992268507051913 0.0 0.0 0.0
0.25 -3.61861269357066 -3.4401728024089993 -0.08456696013137113 0.0 0.0 0.0
0.25 2.2129880124766577 -0.518441684767113 -2.1978453998221634 0.0 0.0 0.0
0.25 -5.132085891719772 -0.7458833287003883 1.6898090244262036 0.0 0.0 0.0
0.25 4.144525951064625 0.5262262400893808 2.1611406571168645 0.0 0.0 0.0
0.25 -2.6070300313989296 1.6692076694219158 -5.245777594459018 0.0 0.0 0.0
0.25 0.2354622635848516 0.13290711113415327 6.566907152765268 0.0 0.0 0.0
0.25 4.094238161035415 -0.3791549562483654 -5.732635117423529 0.0 0.0 0.0
0.25 3.9356927491547595 0.1782115871719326 -1.2053996787236856 0.0 0.0 0.0
0.25 -0.07622104661194773 -4.229996883140183 -0.21861541076179578 0.0 0.0 0.0
0.25 -5.888805537772337 2.693244587830781 0.12685933103171632 0.0 0.0 0.0
0.25 1.9796853159024161 -3.0983647757379176 4.843101011976207 0.0 0.0 0.0
0.25 -0.8727491152086917 -1.4719408901822246 -6.037127499735436 0.0 0.0 0.0
0.25 5.291899492184849 2.274022305225468 -3.2157783448359694 0.0 0.0 0.0
0.25 2.919664872948804 -3.589384516143014 -1.2399658123685788 0.0 0.0 0.0
0.25 -4.190494188595254 -4.21315795813429 -2.6831773091488995 0.0 0.0 0.0
0.25 3.16599758464283 2.4224940164447726 -2.9932642140834678 0.0 0.0 0.0
0.25 6.210142919898044 2.1460722305977216 -1.0967038553001285 0.0 0.0 0.0
0.25 -6.435019885792858 -2.335995733657988 -0.8636491552663503 0.0 0.0 0.0
0.25 -0.07134682290888256 -2.494443178897595 -6.736819841055214 0.0 0.0 0.0
0.25 -1.9097943107855764 0.34474468934711255 6.559081998697729 0.0 0.0 0.0
0.25 0.5127648877540628 1.757776370798373 2.9661480962844102 0.0 0.0 0.0
0.25 -2.226140512025801 -1.6630020837988417 -6.256046513206173 0.0 0.0 0.0
0.25 6.458561069532083 -2.026032332069909 -1.0347155520452005 0.0 0.0 0.0
0.25 -0.4766236491157119 -0.08703020703522699 -7.017447047002132 0.0 0.0 0.0
0.25 0.662180955294814 -4.550089216066965 0.039411277085251904 0.0 0.0 0.0
0.25 -1.7401059946446331 1.7110112128482442 1.3246172441759385 0.0 0.0 0.0
0.25 1.082111353241185 1.1756528959395052 -4.7288825003574 0.0 0.0 0.0
0.25 0.4443810558929225 -1.0656988427233585 -5.642025167975888 0.0 0.0 0.0
0.25 -0.5541169000018815 -0.09330292308285972 -2.574523453831729 0.0 0.0 0.0
0.25 4.834365079163822 -1.4461053123378116 -3.332726932960233 0.0 0.0 0.0
0.25 -3.916014857923311 1.8242655194436017 0.30699160371798195 0.0 0.0 0.0
0.25 3.2105894009591456 -1.9918467243464981 5.164230310535306 0.0 0.0 0.0
0.25 4.052162155231935 0.6340279253515665 -1.9097528600953515 0.0 0.0 0.0
0.25 4.446362045702839 -0.4644077049627413 -3.9273187056072802 0.0 0.0 0.0
0.25 -1.2726806826243298 -3.7294297924096043 -4.698810784824881 0.0 0.0 0.0
0.25 4.957731729682374 -1.1839197453073702 4.604836200662211 0.0 0.0 0.0
0.25 -0.48914908549738567 -1.3256325013255392 4.801263834165966 0.0 0.0 0.0
0.25 -4.2147420685803185 4.732891474302299 -2.7544909220603033 0.0 0.0 0.0
0.25 1.3769250601871674 -4.801186610593999 2.3785525064113173 0.0 0.0 0.0
0.25 -1.6433899258750782 -0.6496154248775206 4.232630507967727 0.0 0.0 0.0
0.25 5.0653594779416355 0.7719316687621532 -0.4659959410725719 0.0 0.0 0.0
0.25 4.978551942216805 -2.1851679808085795 -1.2851141763929168 0.0 0.0 0.0
0.25 3.3351433345010686 -4.279999656200296 1.158348521581834 0.0 0.0 0.0
0.25 1.794613781915304 1.4775204715251444 1.1704693516787612 0.0 0.0 0.0
0.25 1.066319433594077 -5.809023721543229 -2.3534395691787786 0.0 0.0 0.0
0.25 -0.6313916484888168 2.5656622207270305 -6.417099927237195 0.0 0.0 0.0
0.25 -3.797926968562509 4.946106153299963 2.2297066260335643 0.0 0.0 0.0
0.25 6.373281761063405 2.8775459072909992 0.7837835295937557 0.0 0.0 0.0
0.25 -5.4669574659645805 -0.3615401931311135 -1.216368950564184 0.0 0.0 0.0
0.25 0.19323523386635175 6.146584850961973 3.1371366315326688 0.0 0.0 0.0
0.25 4.802029940364593 1.1441256634584849 -0.8191724251076378 0.0 0.0 0.0
0.25 5.1072648271191134 -2.8117282077038723 -2.0995504368805573 0.0 0.0 0.0
0.25 -0.822705541895435 -3.3353955958613306 -3.1096336567499643 0.0 0.0 0.0
0.25 -0.698692066518878 -3.643286369796355 -4.864860821897208 0.0 0.0 0.0
0.25 -1.3792280542529618 -5.478334503653378 1.228553674358961 0.0 0.0 0.0
0.25 3.247529859328802 -4.306059452473474 2.511934698923716 0.0 0.0 0.0
0.25 -4.830797219114201 0.2883764323818999 0.9983032814235514 0.0 0.0 0.0
0.25 2.3581324269009416 -0.4641036533334549 5.324196596772379 0.0 0.0 0.0
0.25 4.871893766695414 2.446772774902866 -4.552397741739423 0.0 0.0 0.0
0.25 3.0819542671429883 -5.348102650410876 1.2028993621401975 0.0 0.0 0.0
0.25 -3.625845634497296 3.7615486672024177 -0.9214392963716165 0.0 0.0 0.0
0.25 -4.738194972187501 -3.8243059453916017 -3.589552801628732 0.0 0.0 0.0
0.25 -2.5008284491873107 -3.5268348730532493 -3.2216219125685086 0.0 0.0 0.0
0.25 -1.6397485453699 -3.9356082888362045 -1.4863088855717912 0.0 0.0 0.0
0.25 2.291595830897597 -0.2799640572197148 3.891967237035105 0.0 0.0 0.0
0.25 -0.3443213354384034 -0.18654874999690313 2.9846686445600374 0.0 0.0 0.0
0.25 -0.41993656398847273 -0.4678481851353324 6.938520321419946 0.0 0.0 0.0
0.25 -3.430468305247316 4.989022120087167 1.0261845586292664 0.0 0.0 0.0
0.25 5.349774690673344 4.33117931796032 -1.2408564232708856 0.0 0.0 0.0
0.25 0.38083994484015365 -6.57801418773701 -0.40405907930881463 0.0 0.0 0.0
0.25 -4.151708190359256 1.426769420274293 -4.198331307322171 0.0 0.0 0.0
0.25 5.230821069776523 -2.1781007296464274 0.13345862454450722 0.0 0.0 0.0
0.25 0.9152724921205914 -3.116807578527256 -2.054060922911063 0.0 0.0 0.0
0.25 0.5779878128571748 2.078922952509577 -6.43859269310243 0.0 0.0 0.0
0.25 -1.014913253607497 -1.0833497924732522 5.745549661734731 0.0 0.0 0.0
0.25 3.0361639975712693 -2.021703612034069 -0.4096129338289527 0.0 0.0 0.0
0.25 3.4984514321127747 0.3623290715569138 -3.721230419898865 0.0 0.0 0.0
0.25 -1.9201649069909843 -0.8982013362622122 5.829332401722303 0.0 0.0 0.0
0.25 1.2760492908401881 2.850324751159961 1.0295062734960465 0.0 0.0 0.0
0.25 2.4550295894328547 -3.7253409395205757 0.3159271087437821 0.0 0.0 0.0
0.25 -4.386790368883981 2.1086429221189777 1.4030701159029324 0.0 0.0 0.0
0.25 1.4649218124295775 -2.7149106793128155 1.95438593018764 0.0 0.0 0.0
0.25 -5.824892311351979 2.2664336757053376 -2.495355481796931 0.0 0.0 0.0
0.25 4.311339830220648 4.711753289032635 -2.0808684846114383 0.0 0.0 0.0
0.25 4.124108919635432 2.8945779304939308 -3.9888658388281493 0.0 0.0 0.0
0.25 -4.691305333581279 -0.610586226103283 -3.7429399510897703 0.0 0.0 0.0
0.25 4.588931046663626 2.7488903922843475 -2.2875793669824223 0.0 0.0 0.0
0.25 -1.5470903670742315 1.094160267245235 3.424608906757095 0.0 0.0 0.0
0.25 -3.730589692314179 1.6912199352793653 -3.986727002872761 0.0 0.0 0.0
0.25 2.055568696493205 3.4786027608535637 5.348699785488809 0.0 0.0 0.0
0.25 -1.8929726205352797 6.453416553350578 1.8187399049791646 0.0 0.0 0.0
0.25 3.46674233474151 -1.7293654062083925 3.712307162804739 0.0 0.0 0.0
0.25 3.9348082408635037 0.027623441209104906 4.010317700437335 0.0 0.0 0.0
0.25 -4.951503716855471 -3.7499390750641908 1.3406800784979223 0.0 0.0 0.0
0.25 -5.4967264798999205 -1.4215825042706802 -0.31161662606127605 0.0 0.0 0.0
0.25 -1.338733160329321 -0.9742445535814266 -6.176398119047749 0.0 0.0 0.0
0.25 -2.4187239041342976 0.2593211727938543 -1.5601550710718854 0.0 0.0 0.0
0.25 1.6324208449033804 -5.058445882885866 -0.2318476679082365 0.0 0.0 0.0
0.25 0.309942105744867 3.6792501862185123 4.427484705733949 0.0 0.0 0.0
0.25 3.693913313193594 2.6798824584542738 -2.831456275815951 0.0 0.0 0.0
0.25 -3.048780255420694 2.252563688761584 1.9980152034575211 0.0 0.0 0.0
0.25 -1.182882356795868 -2.750097096451627 5.036236117635206 0.0 0.0 0.0
0.25 -1.1163240712301994 -3.338024791481443 -3.803684837658319 0.0 0.0 0.0
0.25 1.8740709462986003 -1.6776442148734565 0.4751704731065067 0.0 0.0 0.0
0.25 -2.0569914704425774 -5.253273722345948 2.9812671773968864 0.0 0.0 0.0
0.25 -0.25732894124967703 -6.319506944676682 2.251870646941902 0.0 0.0 0.0
0.25 4.663919772806512 4.607667220529093 -0.5392515410239489 0.0 0.0 0.0
0.25 1.7647577926047728 -5.618467440487416 0.48109872947042365 0.0 0.0 0.0
0.25 1.113695538557998 -5.103506188884831 -3.7439027791602792 0.0 0.0 0.0
0.25 1.5466393406107528 -1.3806980858278282 5.725743184290655 0.0 0.0 0.0
0.25 -4.694691309451055 -2.9771812772299215 -0.8257872915724717 0.0 0.0 0.0
0.25 -0.5389145594509371 2.91425615181403 5.831021532102249 0.0 0.0 0.0
0.25 1.750524664451633 -0.14192352154211244 5.460375266100276 0.0 0.0 0.0
0.25 0.8346930285790621 -1.3373160378826054 6.504122705536994 0.0 0.0 0.0
0.25 -4.918976606460121 -4.496849435547606 -1.219689453020708 0.0 0.0 0.0
0.25 1.7909773264878972 4.431798007764446 -3.0552111944470917 0.0 0.0 0.0
0.25 2.9926454198584502 -3.2033584171911262 3.4126835168537166 0.0 0.0 0.0
0.25 0.38781196516952854 3.250369952116076 5.841369594432752 0.0 0.0 0.0
0.25 -4.687235270501538 4.554957660094612 2.4675507953746854 0.0 0.0 0.0
0.25 2.7820971825507894 -4.303211204007916 1.074683432313179 0.0 0.0 0.0
0.25 0.3333515851656532 -6.866013498903804 1.561256050015011 0.0 0.0 0.0
0.25 -1.920517964405698 0.47569758581862404 0.6899934379281432 0.0 0.0 0.0
0.25 -4.149564443963428 -1.7410016527137686 -1.2111974246194441 0.0 0.0 0.0
0.25 1.6719500620875865 2.5641743546050613 -3.0257183368092413 0.0 0.0 0.0
0.25 -4.441297746596476 1.605834099697531 -5.127176038624027 0.0 0.0 0.0
0.25 -1.7177628384594243 -2.974038643777034 4.3855413937534555 0.0 0.0 0.0
0.25 -5.575506489519368 -4.014396106643985 -0.06560807507306753 0.0 0.0 0.0
0.25 1.3523532740484219 0.515462806476748 3.0351958104098262 0.0 0.0 0.0
0.25 3.6096012104112765 0.5801208833426069 -0.21082048874627893 0.0 0.0 0.0
0.25 -1.1932889334304666 1.9144051478423865 -1.159719296375719 0.0 0.0 0.0
0.25 -3.255343788550215 1.7129514986154832 2.926061348104395 0.0 0.0 0.0
0.25 1.5090521573329323 5.9582112970061925 -1.0305908806106443 0.0 0.0 0.0
0.25 -3.313617774602826 0.8978911044961808 -0.5184692907559091 0.0 0.0 0.0
0.25 -2.5989826447563633 -3.612282465241184 5.140280404582232 0.0 0.0 0.0
0.25 -2.2479984278929384 2.374813133394682 -5.890068293505187 0.0 0.0 0.0
0.25 4.866582890824343 2.298199430323227 2.202565207578836 0.0 0.0 0.0
0.25 1.8480625978765524 -4.608333786407298 -2.4027648757163447 0.0 0.0 0.0
0.25 -0.912278630182235 -2.4022606932369794 -3.1912936315136538 0.0 0.0 0.0
0.25 2.5759688771125018 -5.828324862845505 -0.11059375495174677 0.0 0.0 0.0
0.25 0.714911215201398 -1.1806257032061411 4.183296485245295 0.0 0.0 0.0
0.25 4.761806674812686 -2.518815374260813 -0.9531595405767785 0.0 0.0 0.0
0.25 -2.2763858035589344 -1.0784142439300313 -2.0395808668181012 0.0 0.0 0.0
0.25 -6.005239112022988 0.3877380748972862 -3.010030824795232 0.0 0.0 0.0
0.25 1.1520138966605347 5.212780354598783 2.2079377472299435 0.0 0.0 0.0
0.25 -0.7065783577837972 -0.24042995779818702 3.8990950455061717 0.0 0.0 0.0
0.25 -4.718246334811215 0.7795498318016654 -3.3219130297940795 0.0 0.0 0.0
0.25 -2.8208545637054896 -0.5824035435235774 5.743090775495974 0.0 0.0 0.0
0.25 0.6249558859897296 3.19856980268494 1.0525136235697647 0.0 0.0 0.0
0.25 -0.01142762081478488 1.7123524843054763 0.931330342080167 0.0 0.0 0.0
0.25 -0.16396537282952914 -4.152521206343228 -3.0575110533757752 0.0 0.0 0.0
0.25 0.7542229841830939 0.9472626297412645 -2.605421697655434 0.0 0.0 0.0
0.25 1.8969770599708533 -4.691550126979055 -4.554438511057584 0.0 0.0 0.0
0.25 0.6556275097996629 -3.0949359296751555 3.2122834341700606 0.0 0.0 0.0
0.25 -3.0825603775291603 0.5096891173831215 2.9111340409091464 0.0 0.0 0.0
0.25 1.8519253382840941 -2.5847227406962006 -0.6059110429152228 0.0 0.0 0.0
0.25 -2.9395219677159834 -5.348095836223498 -1.8011341808440056 0.0 0.0 0.0
0.25 0.4960124067138402 3.5965055893965077 -1.9726016801055126 0.0 0.0 0.0
0.25 4.162717511345525 -1.3665708181743428 5.2801502711460095 0.0 0.0 0.0
0.25 -1.3146562363060266 3.1785186713820464 6.049501487525345 0.0 0.0 0.0
0.25 3.620162760326367 0.5117711781534913 -4.2974114466051105 0.0 0.0 0.0
0.25 5.257652279505267 1.3952963446909603 0.14622327286107462 0.0 0.0 0.0
0.25 -3.1739687526239897 5.380180760358646 0.9788239436132701 0.0 0.0 0.0
0.25 2.983679282673392 -1.494746841780488 0.17534254329263535 0.0 0.0 0.0
0.25 -5.399807838431035 -0.7026806488036774 -2.3705789967386997 0.0 0.0 0.0
0.25 -1.425929759844335 2.291501353737741 -4.446270467577903 0.0 0.0 0.0
0.25 1.0897023383364075 -1.6316182117421216 -4.913606285481425 0.0 0.0 0.0
0.25 0.6470535805413202 -0.8163862642559667 5.686053350205387 0.0 0.0 0.0
0.25 -1.7281248124176036 4.584888220344729 5.065884081629934 0.0 0.0 0.0
0.25 2.0529814740983436 -4.4970799989935 3.940026754183932 0.0 0.0 0.0
0.25 0.910456583965423 -2.267066524987321 5.2041799252396 0.0 0.0 0.0
0.25 -3.5837891247183746 -5.256129410217001 2.702746503363426 0.0 0.0 0.0
0.25 3.3185979116834994 -2.137986946754823 -5.507254236659164 0.0 0.0 0.0
0.25 2.0017637465730074 4.721329617674762 -4.059494863185525 0.0 0.0 0.0
0.25 1.2474643794070073 3.416476931043943 1.8904315128873395 0.0 0.0 0.0
0.25 0.22862497143562868 4.313990492162709 1.029074543954011 0.0 0.0 0.0
0.25 -5.316732154763095 3.304136840325687 2.2451451701559697 0.0 0.0 0.0
0.25 2.3713187131883955 -1.1426009163406443 -5.178431925439243 0.0 0.0 0.0
0.25 2.43474360260078 0.011822445235885319 -2.982935484951863 0.0 0.0 0.0
0.25 0.9569624899528049 0.30486578331405617 0.19485780254074364 0.0 0.0 0.0
0.25 6.667415644656536 -0.4714235857720001 -0.8459333921880305 0.0 0.0 0.0
0.25 -3.25650324268179 5.5666967117447825 0.32459607204902996 0.0 0.0 0.0
0.25 1.9135776373543743 -5.593011811937145 3.53911918561305 0.0 0.0 0.0
0.25 -0.1987197167826327 5.521243834472938 4.400496729911116 0.0 0.0 0.0
0.25 -2.3632064400634474 2.7881278657833652 1.0414903469402144 0.0 0.0 0.0
0.25 0.6562142973809274 1.981490229821059 -2.3148883178570556 0.0 0.0 0.0
0.25 -3.771257411406124 3.2485124387395308 -1.0849380696338837 0.0 0.0 0.0
0.25 4.539249651349249 -0.29642264786296635 -5.437110595986846 0.0 0.0 0.0
0.25 3.3699017713096797 -0.7132744232896551 0.8618671002540519 0.0 0.0 0.0
0.25 1.4991632639701233 1.330649461605449 6.305301525269157 0.0 0.0 0.0
0.25 -2.5889001851063753 -1.3482690080585495 2.1736097012540228 0.0 0.0 0.0
0.25 2.0473511818853485 0.9596750930541915 1.3590137372738342 0.0 0.0 0.0
0.25 -4.915979936790846 -1.538558466956158 -4.132541484733995 0.0 0.0 0.0
0.25 -2.3556587307640866 -2.2723997284455093 -3.9384567158985138 0.0 0.0 0.0
0.25 -2.4612018252940153 3.3951542684320706 -4.270511287126508 0.0 0.0 0.0
0.25 -1.349973120475615 -3.8226320374485723 -0.8464661674495262 0.0 0.0 0.0
0.25 2.6649592387335757 -2.2423750800117377 4.1630517555365 0.0 0.0 0.0
0.25 -3.7599889694513062 -1.1478706157309781 -1.6236883035737324 0.0 0.0 0.0
0.25 4.456367491080008 -4.3939803990391235 -2.3964749379159596 0.0 0.0 0.0
0.25 2.255616770567243 5.637571276255577 -3.2613460008472512 0.0 0.0 0.0
0.25 -3.8793167732002627 -2.8881825488398043 -0.6424265332948723 0.0 0.0 0.0
0.25 0.39402013654012064 -1.2470657530013687 0.9137308327059945 0.0 0.0 0.0
0.25 -3.6018272320810354 3.9838928411949075 1.800469651336431 0.0 0.0 0.0
0.25 -0.6475492143359305 -5.701144740155592 1.2977508218651332 0.0 0.0 0.0
0.25 3.164260559590239 2.437740894331103 -0.4916365064880884 0.0 0.0 0.0
0.25 3.896652888731751 -2.2343016089376024 -0.07491300052043609 0.0 0.0 0.0
0.25 -2.857960274822158 -3.5966447233959564 4.182956574647875 0.0 0.0 0.0
0.25 4.479697976404097 -1.2724275700889203 2.527546793963616 0.0 0.0 0.0
0.25 0.2568029347125809 3.085989358467434 0.3411869697310126 0.0 0.0 0.0
0.25 -1.4570187161460526 -6.098801754148004 3.4840577306593916 0.0 0.0 0.0
0.25 -4.554383620092093 3.08235787119315 -4.005261151338453 0.0 0.0 0.0
0.25 5.083735263574593 4.334843093142641 0.8033507400635744 0.0 0.0 0.0
0.25 -1.466495121820436 0.16607053295552412 -3.334559713287708 0.0 0.0 0.0
0.25 4.383088152223907 -0.713211598450841 -4.767340437283522 0.0 0.0 0.0
0.25 2.026068347039455 -2.3976810583955945 2.0372265044814704 0.0 0.0 0.0
0.25 -1.2814276826194422 -4.5192697738873315 3.1215667097121567 0.0 0.0 0.0
0.25 2.4558984717664893 -1.4571614671754183 -2.4032329198567215 0.0 0.0 0.0
0.25 -1.3857875757977949 3.206056525094488 -0.6582542826696635 0.0 0.0 0.0
0.25 5.640053778701508 1.4431283452231398 0.5366554642017923 0.0 0.0 0.0
0.25 3.3722758233438968 -1.4977953064191334 4.307043507888566 0.0 0.0 0.0
0.25 -3.434238598006389 1.4168495607884277 -3.8448503881458107 0.0 0.0 0.0
0.25 -4.621970472303921 -2.382612801379418 4.921670029282555 0.0 0.0 0.0
0.25 -4.021352962763479 1.1216763746899623 3.3978171029124886 0.0 0.0 0.0
0.25 -1.6326540707211228 6.702006518573257 1.8748709043572953 0.0 0.0 0.0
0.25 2.3444920218616576 1.8848986802932104 1.6695926420295015 0.0 0.0 0.0
0.25 -5.238862491528384 -4.434522916554515 -0.6614747772333572 0.0 0.0 0.0
0.25 0.9007039461222422 2.9408914434019744 -4.065550184518152 0.0 0.0 0.0
0.25 -1.6714354596348249 1.9159271260012825 5.791840624050904 0.0 0.0 0.0
