50
0
2.0 0.14775750048781067 -1.2783830178447466 -3.914078619968854 0.0 0.0 0.0
2.0 -0.3335983291230336 -4.498206471427801 -0.553412262632664 0.0 0.0 0.0
2.0 -1.4724633469081974 -0.26412992998769247 -3.73812562394584 0.0 0.0 0.0
2.0 -5.360296426862292 -2.1806171883611163 -3.1655423522695045 0.0 0.0 0.0
2.0 -4.500832187986904 -5.233855535756659 1.9972115930190422 0.0 0.0 0.0
2.0 4.352916348566395 4.160924426670241 -0.2124044324984751 0.0 0.0 0.0
2.0 4.065509647885733 -4.668726877749654 2.073967099508866 0.0 0.0 0.0
2.0 -1.478837671174236 2.54740701552617 5.651503251283425 0.0 0.0 0.0
2.0 -3.5157160508391074 1.1838418343517356 -4.76837448183625 0.0 0.0 0.0
2.0 4.2410248365152174 0.4068357963580189 -5.395497933525031 0.0 0.0 0.0
2.0 -6.159288429900816 1.376132518428604 1.30624153522056 0.0 0.0 0.0
2.0 -2.742939101605338 -0.729943215837812 3.2735942455183675 0.0 0.0 0.0
2.0 1.4001500230459867 -0.9245120482430215 -4.6911801682861345 0.0 0.0 0.0
2.0 -0.5444834600505031 4.481978446988455 0.6924191962862223 0.0 0.0 0.0
2.0 4.381784940734899 -4.3047228750895545 1.94131368400933 0.0 0.0 0.0
2.0 4.405557451377904 -4.5234625274476485 2.7707847291289243 0.0 0.0 0.0
2.0 5.040859704809063 -0.45808993013482363 0.6957142525665838 0.0 0.0 0.0
2.0 -3.0608448923088205 3.80995166550488 2.8862480492138314 0.0 0.0 0.0
2.0 -0.682799318070486 1.5940780473764715 3.071278852821056 0.0 0.0 0.0
2.0 3.6619924646604574 0.8924762485918829 2.4056048183338365 0.0 0.0 0.0
2.0 -3.6130205267579227 -2.9685959887205566 2.8587890794565047 0.0 0.0 0.0
2.0 -0.350155409666153 3.1781597172676106 -5.214882919054874 0.0 0.0 0.0
2.0 -5.190973605061011 0.43199397389517785 4.934379642305077 0.0 0.0 0.0
2.0 -1.3783598158915382 -6.364506636346206 0.05771624093762022 0.0 0.0 0.0
2.0 -2.172147282251445 1.010704137568751 3.337399113628437 0.0 0.0 0.0
2.0 6.7505811111912735 1.2658069863153802 -0.8887239622454105 0.0 0.0 0.0
2.0 -6.356773468925259 -2.0760746840374353 1.7507558129378313 0.0 0.0 0.0
2.0 -0.31896017386465403 -3.3025588047591072 -0.18793407364353348 0.0 0.0 0.0
2.0 -1.8711537701554013 -1.3145751035527629 4.972455513254708 0.0 0.0 0.0
2.0 0.10759838600334103 0.9306200842283423 6.781489247484826 0.0 0.0 0.0
2.0 0.2935230048451474 -0.2972786772858978 2.27884589489394 0.0 0.0 0.0
2.0 -6.86300433599831 -0.6480325059371117 -0.10225551189363172 0.0 0.0 0.0
2.0 2.99736496100223 -3.8504762268115855 -0.3738717469117389 0.0 0.0 0.0
2.0 4.01237567245749 -3.241028958895536 4.491871920197447 0.0 0.0 0.0
2.0 1.4976099070997975 -5.304037743093451 2.805159531780662 0.0 0.0 0.0
2.0 -3.180759042887345 2.6018900080658813 -5.8200088888598485 0.0 0.0 0.0
2.0 -0.08986471167487445 3.3369922364467093 4.38490743981325 0.0 0.0 0.0
2.0 2.1457812723732057 -1.5448046247903553 6.420502372246677 0.0 0.0 0.0
2.0 -4.624031629777247 1.0348303331783852 -1.4935320944446493 0.0 0.0 0.0
2.0 -2.3487123203376763 -0.6846560723628514 -5.223723291395638 0.0 0.0 0.0
2.0 2.1580631244420245 -0.9393272105546666 3.5829086083267265 0.0 0.0 0.0
2.0 1.3448663604664937 -3.655554198279964 -0.17707651605598934 0.0 0.0 0.0
2.0 -2.295047932888937 2.5879205600095117 -2.1531228123880752 0.0 0.0 0.0
2.0 5.439904706627103 2.5982875643097647 0.12135748967850418 0.0 0.0 0.0
2.0 3.004818897063315 5.026717666320412 0.013807712610001646 0.0 0.0 0.0
2.0 0.759464143974758 -5.26098796097182 0.3754867889510416 0.0 0.0 0.0
2.0 -1.2290765591781005 -1.8069360390182476 4.595799816406006 0.0 0.0 0.0
2.0 -3.2633467276339 -0.321808769125605 -3.27112458807511 0.0 0.0 0.0
2.0 2.3284832567851845 -2.93443075221535 -5.622676522711051 0.0 0.0 0.0
2.0 0.08168810972173624 -6.679215092902798 -0.6418308736734214 0.0 0.0 0.0
