300
0
0.3333333333333333 -3.0193543893288415 -0.2972419071155113 -1.670436505685372 0.0 0.0 0.0
0.3333333333333333 -3.810461081866372 -5.941075048591593 0.5245484141842737 0.0 0.0 0.0
0.3333333333333333 -6.209622371691307 -1.7957587837640305 -2.0509760345670047 0.0 0.0 0.0
0.3333333333333333 -4.859245535846973 -3.2941473074850354 -1.3456055240849387 0.0 0.0 0.0
0.3333333333333333 -5.85439112505052 -0.39639611824017673 -2.017351767545148 0.0 0.0 0.0
0.3333333333333333 -1.8394831226694448 -3.580046470963481 -3.3510941056116397 0.0 0.0 0.0
0.3333333333333333 2.6964987916963867 3.8157428928608472 -3.5470133746596697 0.0 0.0 0.0
0.3333333333333333 -0.8884067271397986 -6.0284700840248195 -2.152549860235589 0.0 0.0 0.0
0.3333333333333333 2.491158291760746 -2.430514043373819 4.71650708397894 0.0 0.0 0.0
0.3333333333333333 -4.91993153876229 3.674888088182594 -0.11902638155881208 0.0 0.0 0.0
0.3333333333333333 -0.9983443711371813 -3.4443664052409733 -3.552420580989886 0.0 0.0 0.0
0.3333333333333333 -3.126701588037901 -2.129641073232346 -0.39870988313757877 0.0 0.0 0.0
0.3333333333333333 -1.3120512954524648 6.843335442138081 0.5493503864357102 0.0 0.0 0.0
0.3333333333333333 2.8607649866733746 -1.385497418949161 -2.526419214652498 0.0 0.0 0.0
0.3333333333333333 0.2106357737363989 -3.19036890492902 1.6255555074103218 0.0 0.0 0.0
0.3333333333333333 6.548196447287358 0.4667586079905912 1.9867316807000615 0.0 0.0 0.0
0.3333333333333333 -5.3394857889071785 1.666714554932818 3.28076727926664 0.0 0.0 0.0
0.3333333333333333 4.593868659699074 -1.135484943005394 4.48692619481959 0.0 0.0 0.0
0.3333333333333333 0.6737458105071832 -3.784002730770744 0.7649574102952794 0.0 0.0 0.0
0.3333333333333333 2.761431952888044 -2.0552733903973324 1.1189295839110442 0.0 0.0 0.0
0.3333333333333333 1.6398669755673119 5.5806615979270955 -3.9590436367474986 0.0 0.0 0.0
0.3333333333333333 1.3150647644807105 -5.944649641496707 -3.2285427363080075 0.0 0.0 0.0
0.3333333333333333 -2.1238898815296245 -2.641802198405637 3.1913459229429404 0.0 0.0 0.0
0.3333333333333333 4.68244259506199 -3.9356653588687074 3.3089865967884164 0.0 0.0 0.0
0.3333333333333333 3.314097689090178 5.5231458333660965 2.461923486393766 0.0 0.0 0.0
0.3333333333333333 4.397637351236619 0.34830458274740916 -2.976656561340423 0.0 0.0 0.0
0.3333333333333333 0.7671814994160258 -0.4205358565503118 5.915527223801681 0.0 0.0 0.0
0.3333333333333333 -2.2084183936187602 2.713464320192109 -4.14331892534769 0.0 0.0 0.0
0.3333333333333333 3.114737480228912 1.591537401643849 5.83955493289916 0.0 0.0 0.0
0.3333333333333333 -1.8555232085667188 1.0424123634743685 4.821138772363455 0.0 0.0 0.0
0.3333333333333333 2.2292387830721903 -3.940989269346804 -5.0426487360758525 0.0 0.0 0.0
0.3333333333333333 -5.579123598724238 1.5524208215569602 -3.882451554683585 0.0 0.0 0.0
0.3333333333333333 0.19422953331381276 -5.814305797451576 -3.6990868797060967 0.0 0.0 0.0
0.3333333333333333 -4.1134607330545565 -2.127297289570494 3.0643205415225316 0.0 0.0 0.0
0.3333333333333333 3.1045862685541916 5.795806128550179 -0.8984042186533713 0.0 0.0 0.0
0.3333333333333333 -2.119852355990605 -1.8282032838675326 2.0922330194926664 0.0 0.0 0.0
0.3333333333333333 -2.917407412507149 -0.8296606467612178 4.556952549604182 0.0 0.0 0.0
0.3333333333333333 -0.6763596908924642 -4.836762250502785 -3.6153277751968735 0.0 0.0 0.0
0.3333333333333333 -3.5977508632401713 0.3475454040439121 -3.09234090682083 0.0 0.0 0.0
0.3333333333333333 3.4712234797713433 5.411502916813173 1.2620812694694394 0.0 0.0 0.0
0.3333333333333333 4.7925181110853226 0.7175370231112274 2.5179508326421405 0.0 0.0 0.0
0.3333333333333333 3.52050935630238 -4.1879050623393965 -2.7256055866175957 0.0 0.0 0.0
0.3333333333333333 -3.3000888482391915 5.1449669312717585 -1.2051399331853272 0.0 0.0 0.0
0.3333333333333333 -6.913822091505033 1.1531572154466276 -0.27372060758177297 0.0 0.0 0.0
0.3333333333333333 -4.833447400682003 1.3978722125351217 -2.6126304190910297 0.0 0.0 0.0
0.3333333333333333 1.1860703617042607 -3.026180991048009 -1.3257222582538408 0.0 0.0 0.0
0.3333333333333333 5.313596559893069 1.2112325315124712 3.4690063584926305 0.0 0.0 0.0
0.3333333333333333 0.3360537863646868 -4.241437309755423 2.4509009167549256 0.0 0.0 0.0
0.3333333333333333 4.068389971062438 2.7286654373295702 3.0299704941398447 0.0 0.0 0.0
0.3333333333333333 -5.174148412954131 -1.0174653855256834 -0.21986823579881878 0.0 0.0 0.0
0.3333333333333333 0.5953511843070983 -6.971689411297093 0.26745150176100474 0.0 0.0 0.0
0.3333333333333333 -2.1151278191513385 3.6330728284182445 3.680156999325483 0.0 0.0 0.0
0.3333333333333333 -3.7154415072924563 4.045142843797927 4.112812255579021 0.0 0.0 0.0
0.3333333333333333 -0.13888792080980117 -1.41045534720933 -5.815620145517943 0.0 0.0 0.0
0.3333333333333333 -4.891715119350696 4.99503688855964 0.32731544303035054 0.0 0.0 0.0
0.3333333333333333 -1.3391637829732945 -1.33330788156501 3.2235808899921525 0.0 0.0 0.0
0.3333333333333333 5.266793902515824 -4.455708492355994 1.4231582193126762 0.0 0.0 0.0
0.3333333333333333 -2.8817426827221846 -2.587683223033276 -4.048711436737187 0.0 0.0 0.0
0.3333333333333333 -1.7394604066378367 -1.8869453639159144 -6.44633697676174 0.0 0.0 0.0
0.3333333333333333 2.5579937539033204 -3.154825203457695 -5.64735414296505 0.0 0.0 0.0
0.3333333333333333 3.253340959895933 -1.6095396811609144 0.6200356255115995 0.0 0.0 0.0
0.3333333333333333 -5.127583344532853 -3.004636389172092 2.7626893616410726 0.0 0.0 0.0
0.3333333333333333 1.4658186819275594 -2.6016522109394447 0.16684876692799522 0.0 0.0 0.0
0.3333333333333333 1.26631008002046 -1.8884991889119 2.0346991969679773 0.0 0.0 0.0
0.3333333333333333 -3.3314761100335604 5.575220181767097 -0.9442562675324998 0.0 0.0 0.0
0.3333333333333333 1.8855038043182093 5.054011903704256 -1.8586009544839723 0.0 0.0 0.0
0.3333333333333333 2.0226154368129494 1.8664405130788928 4.455236617674874 0.0 0.0 0.0
0.3333333333333333 -0.7190951147692309 -4.503543939705559 5.288537096657811 0.0 0.0 0.0
0.3333333333333333 -3.713218907194319 -1.9223527895209847 -4.846042850396263 0.0 0.0 0.0
0.3333333333333333 -0.9575698693163843 6.075216549055014 -1.9837646717094881 0.0 0.0 0.0
0.3333333333333333 -4.6011683244012405 -0.26498553590127394 -1.8716086877359304 0.0 0.0 0.0
0.3333333333333333 -1.2714289892295239 -0.09243517199984207 4.367002128103115 0.0 0.0 0.0
0.3333333333333333 -1.7113045675880594 -1.1555918296066479 0.9143020023250847 0.0 0.0 0.0
0.3333333333333333 -1.6322564827194106 3.277599991954338 -5.840611254562906 0.0 0.0 0.0
0.3333333333333333 -0.3517301172922204 -4.973766726444919 2.2566559894735816 0.0 0.0 0.0
0.3333333333333333 4.0045931067851805 2.77442876829849 2.4178608187382324 0.0 0.0 0.0
0.3333333333333333 -0.0008848619693273853 -2.3255951292949355 -2.106815096173623 0.0 0.0 0.0
0.3333333333333333 6.51101580664571 -2.2218729346073847 -0.6344890715995414 0.0 0.0 0.0
0.3333333333333333 5.11446029798852 0.9380592675144811 -3.148856841401686 0.0 0.0 0.0
0.3333333333333333 -0.29159380207379126 -5.780840762853874 -1.9882800505784166 0.0 0.0 0.0
0.3333333333333333 3.6419716886320175 2.4043915721844975 -4.22534941739186 0.0 0.0 0.0
0.3333333333333333 3.0231524504217173 -3.4138921874880497 3.8582686283058054 0.0 0.0 0.0
0.3333333333333333 -0.7982865315742673 2.8349120181886476 -0.7334094318912084 0.0 0.0 0.0
0.3333333333333333 1.2606728908673623 -0.3377551492743051 2.846330502609276 0.0 0.0 0.0
0.3333333333333333 -0.9978272613672656 -4.854741347725436 0.6310214916247328 0.0 0.0 0.0
0.3333333333333333 -2.6233446198553945 -1.1345470359183247 5.789700600622433 0.0 0.0 0.0
0.3333333333333333 4.832426975343447 2.3944883030574298 -0.35464257105701313 0.0 0.0 0.0
0.3333333333333333 3.7055514671362006 -1.6015241997918825 2.9072027678769707 0.0 0.0 0.0
0.3333333333333333 0.865518057626513 -0.348502675853852 -5.251409351459642 0.0 0.0 0.0
0.3333333333333333 -0.24925741247208796 -0.7809353292830296 -6.314302190655619 0.0 0.0 0.0
0.3333333333333333 -5.768534716468181 1.4815034091184878 1.0060050662532827 0.0 0.0 0.0
0.3333333333333333 2.9814508318433535 1.7930788042125672 6.067246391618922 0.0 0.0 0.0
0.3333333333333333 -5.443473172470697 0.016910540705822638 2.196458114793971 0.0 0.0 0.0
0.3333333333333333 -6.357309582116806 -1.4541668578187865 2.821872788293962 0.0 0.0 0.0
0.3333333333333333 0.09400501634464432 -5.566369613772739 -0.9529342121925412 0.0 0.0 0.0
0.3333333333333333 -2.6797697442042288 3.8657863309310345 -0.44602116510382556 0.0 0.0 0.0
0.3333333333333333 0.6561472396929738 2.0273660852885698 -5.183500909401242 0.0 0.0 0.0
0.3333333333333333 3.751582367748847 0.5760533898837091 -5.429706510741391 0.0 0.0 0.0
0.3333333333333333 0.2505734210727892 -5.9621356251246524 1.8217314080654667 0.0 0.0 0.0
0.3333333333333333 -5.900999941714942 -3.1144413067729353 1.096660844237919 0.0 0.0 0.0
0.3333333333333333 1.7965527364210327 -5.065725153022452 3.809116926946618 0.0 0.0 0.0
0.3333333333333333 -1.1190036380060824 -3.785371490809797 -4.34553885126751 0.0 0.0 0.0
0.3333333333333333 -0.7493129408996851 0.28199567697869354 -6.223907213819585 0.0 0.0 0.0
0.3333333333333333 -3.012002867324984 2.136633722068935 4.535333403676874 0.0 0.0 0.0
0.3333333333333333 1.3143859905001056 -1.5639704934032168 0.0613811403075798 0.0 0.0 0.0
0.3333333333333333 -4.585756955998662 -2.3660890348050407 0.01258150775014049 0.0 0.0 0.0
0.3333333333333333 1.6378452093901916 5.408657410433257 -3.381579291660584 0.0 0.0 0.0
0.3333333333333333 -3.5176822210150283 4.840113657194471 3.7053896904201133 0.0 0.0 0.0
0.3333333333333333 -0.8822810233788354 1.9555703105997586 4.14604847823365 0.0 0.0 0.0
0.3333333333333333 -1.2838341835405565 -0.2793540668822563 1.6723249718698698 0.0 0.0 0.0
0.3333333333333333 -3.7880991520873666 0.5489139252990174 0.12462278105477696 0.0 0.0 0.0
0.3333333333333333 4.993407769009005 3.4332597325629393 -1.5424723804426843 0.0 0.0 0.0
0.3333333333333333 -1.1120861474520516 1.4281742511254485 -4.615091743548943 0.0 0.0 0.0
0.3333333333333333 -3.5198880384218363 0.9237118877655924 6.0405866075857135 0.0 0.0 0.0
0.3333333333333333 1.280772929137795 0.8263171819832722 -4.804166043953954 0.0 0.0 0.0
0.3333333333333333 -2.4565501874053606 -1.476572384199927 -2.9353590974827353 0.0 0.0 0.0
0.3333333333333333 -5.3033069100254755 2.517598386534371 3.27432367815669 0.0 0.0 0.0
0.3333333333333333 -1.6803528070721432 2.3096884379989384 -2.052349934410582 0.0 0.0 0.0
0.3333333333333333 -5.052894641924355 -1.1263708265938408 0.5982658663817172 0.0 0.0 0.0
0.3333333333333333 -1.3443349639898896 2.767261817115768 4.7326368632800815 0.0 0.0 0.0
0.3333333333333333 -3.528600910720024 0.9969657398938571 -5.875814376001766 0.0 0.0 0.0
0.3333333333333333 0.16954562984301966 2.7495173650990594 -4.637517179290808 0.0 0.0 0.0
0.3333333333333333 -1.7707476987307902 -4.796392003599291 -2.1930878882221685 0.0 0.0 0.0
0.3333333333333333 5.33919745917765 1.8044465765404911 0.1224319179843709 0.0 0.0 0.0
0.3333333333333333 0.7285385328716247 1.8548718194593277 -0.7648859402272903 0.0 0.0 0.0
0.3333333333333333 -5.726373577965434 3.3505419232811984 1.9671627275378747 0.0 0.0 0.0
0.3333333333333333 -0.11924859637041678 1.9260893719741434 -3.8767544290965414 0.0 0.0 0.0
0.3333333333333333 5.587957147933393 -0.7123180205558686 -4.263569520825896 0.0 0.0 0.0
0.3333333333333333 0.040822561127767436 3.917904003552577 -0.03691429768892041 0.0 0.0 0.0
0.3333333333333333 -4.901619629343979 1.4904537181108068 -0.2092050209242742 0.0 0.0 0.0
0.3333333333333333 -1.6098912741180185 -0.7137869670308731 0.9870618943938575 0.0 0.0 0.0
0.3333333333333333 4.734979290985029 -2.8022940543542068 3.274263318124461 0.0 0.0 0.0
0.3333333333333333 3.8101420845092293 -0.2795049885489452 2.0875601484044983 0.0 0.0 0.0
0.3333333333333333 1.0367626497410571 -2.764378107447742 3.6309193356858227 0.0 0.0 0.0
0.3333333333333333 -0.24132821142540384 3.421808022310838 2.970265880873697 0.0 0.0 0.0
0.3333333333333333 6.350094649322774 2.551084312764763 2.1000178645111496 0.0 0.0 0.0
0.3333333333333333 -0.32593065847358516 0.08056500576624225 -6.8202163606525446 0.0 0.0 0.0
0.3333333333333333 4.551602569263436 1.7379011015125585 -2.9985602614399136 0.0 0.0 0.0
0.3333333333333333 -2.634401791409671 -0.5417171384274971 4.924612086218747 0.0 0.0 0.0
0.3333333333333333 -5.466101386699972 3.8669432591709607 1.1299234265792122 0.0 0.0 0.0
0.3333333333333333 -2.2110618951602694 4.615388305169309 2.6006077238108802 0.0 0.0 0.0
0.3333333333333333 0.8070691544278674 1.1942846596603724 -6.658838324418804 0.0 0.0 0.0
0.3333333333333333 -5.661562463257528 1.9333443242972104 -3.163227869593354 0.0 0.0 0.0
0.3333333333333333 -4.373364225546622 -4.919746038018458 1.888987310974856 0.0 0.0 0.0
0.3333333333333333 -0.7924193722481336 -2.2370493467522703 -3.4013814102791677 0.0 0.0 0.0
0.3333333333333333 -1.630795508579424 -0.9662331057701916 6.340210608795095 0.0 0.0 0.0
0.3333333333333333 -5.317871531725406 2.0351301883991617 -1.9853809631831971 0.0 0.0 0.0
0.3333333333333333 5.547374700674137 -3.7647460606226626 1.9101568281324983 0.0 0.0 0.0
0.3333333333333333 -0.6692629066403725 1.5282821016701953 -4.549530070528998 0.0 0.0 0.0
0.3333333333333333 4.055236550960858 1.0481341832277635 -1.3365031707383943 0.0 0.0 0.0
0.3333333333333333 -5.75620249600492 -1.1974136451472508 1.2659309860679753 0.0 0.0 0.0
0.3333333333333333 -3.9086553190065287 2.422421515505218 4.586036771250063 0.0 0.0 0.0
0.3333333333333333 3.453918582307532 -5.7342244708837775 -1.145700183507835 0.0 0.0 0.0
0.3333333333333333 1.9167424139668396 -3.479585811175279 -4.405637279262664 0.0 0.0 0.0
0.3333333333333333 2.153084242771508 -0.5202817289102424 4.566423291000314 0.0 0.0 0.0
0.3333333333333333 -3.2163691764635916 -4.876029711624386 -0.818327400354987 0.0 0.0 0.0
0.3333333333333333 0.5634911806425621 5.709154744622554 2.2992843871325803 0.0 0.0 0.0
0.3333333333333333 1.9720857131745941 -3.8265704403076666 1.3381171726131165 0.0 0.0 0.0
0.3333333333333333 0.5975736886647419 3.7643877703144564 -0.2476873496782154 0.0 0.0 0.0
0.3333333333333333 -1.6886522175901981 -2.411829224151808 -5.430021001125268 0.0 0.0 0.0
0.3333333333333333 -1.7173312744021167 -4.177350432514992 -3.379361050281917 0.0 0.0 0.0
0.3333333333333333 4.045135768191728 -0.0499454345855361 -1.5864535483799633 0.0 0.0 0.0
0.3333333333333333 -5.579620445329899 3.752785329966179 -1.0530097915132584 0.0 0.0 0.0
0.3333333333333333 -0.037650231754835006 -2.783431409652559 6.603131363825544 0.0 0.0 0.0
0.3333333333333333 -2.21343598419572 -5.5968102012971945 0.21096904081459725 0.0 0.0 0.0
0.3333333333333333 3.0131058592652677 -5.5929744773892365 -2.464205356025399 0.0 0.0 0.0
0.3333333333333333 -3.064908616860186 3.0466964263815677 -2.551857782363118 0.0 0.0 0.0
0.3333333333333333 0.6568535953743727 -0.23843067838078086 -5.108168006592722 0.0 0.0 0.0
0.3333333333333333 1.6893256899351705 5.358047747591303 3.878556684902075 0.0 0.0 0.0
0.3333333333333333 0.3569312347467226 4.205099824076081 1.2720427941684254 0.0 0.0 0.0
0.3333333333333333 -0.6073825771171381 6.298623693184584 -2.569633522708979 0.0 0.0 0.0
0.3333333333333333 6.703989457320867 0.7898933229259032 0.6232198603101714 0.0 0.0 0.0
0.3333333333333333 1.728832566521232 6.423674978219524 0.8241872944410394 0.0 0.0 0.0
0.3333333333333333 3.68642636345459 -1.6788713166774247 0.6247163489289106 0.0 0.0 0.0
0.3333333333333333 3.3143831441597804 4.145486690287841 3.974520201519355 0.0 0.0 0.0
0.3333333333333333 -5.312252225075055 0.5091748732374314 0.6400128393448071 0.0 0.0 0.0
0.3333333333333333 5.639832836033524 -2.9544017760161205 2.028835631547051 0.0 0.0 0.0
0.3333333333333333 5.214938117955528 -0.5774427949557387 3.286939901068447 0.0 0.0 0.0
0.3333333333333333 6.481005621410713 2.221611706269214 -1.280253984785494 0.0 0.0 0.0
0.3333333333333333 -3.7905047668236165 2.964367340201223 -0.403502742157006 0.0 0.0 0.0
0.3333333333333333 -4.69540559026101 1.1454837897745627 5.204604137480327 0.0 0.0 0.0
0.3333333333333333 -1.359243189674407 -2.609194934127152 1.7589134393749137 0.0 0.0 0.0
0.3333333333333333 -0.0426660516480771 -3.0833994927077883 -1.7553569960163564 0.0 0.0 0.0
0.3333333333333333 2.228082422231511 -0.8102214297248184 5.484490205549584 0.0 0.0 0.0
0.3333333333333333 -1.4212152826256679 4.533702235712303 5.244095305505957 0.0 0.0 0.0
0.3333333333333333 3.5758534324286395 -5.387888017374194 0.3797340788037782 0.0 0.0 0.0
0.3333333333333333 -3.807684513027268 0.9959199997174683 -3.641770262948459 0.0 0.0 0.0
0.3333333333333333 2.005860552587371 -1.2025401849963253 1.0036342754998113 0.0 0.0 0.0
0.3333333333333333 0.5218666028304901 -4.090777992211726 -3.3125616371409077 0.0 0.0 0.0
0.3333333333333333 -1.5559546903814145 3.4545919527535345 -1.517782292193675 0.0 0.0 0.0
0.3333333333333333 6.167610370993682 0.20375203217965596 1.4624414420238172 0.0 0.0 0.0
0.3333333333333333 0.23863180532410178 1.317832910385745 2.7525953629137483 0.0 0.0 0.0
0.3333333333333333 -3.1685112851901085 1.6287916139452927 0.2962924935618985 0.0 0.0 0.0
0.3333333333333333 0.8048983177469357 -3.5026741013717837 3.9718370073812066 0.0 0.0 0.0
0.3333333333333333 3.017440736902963 1.1800748826230367 4.641536946259951 0.0 0.0 0.0
0.3333333333333333 -0.13602508492642007 5.64881842862949 -1.554834152645971 0.0 0.0 0.0
0.3333333333333333 -3.2914415434820348 2.0601693754589663 2.1994666836950687 0.0 0.0 0.0
0.3333333333333333 -2.8090253272400623 -1.8187201866274318 -5.895878215107953 0.0 0.0 0.0
0.3333333333333333 2.7794080786515134 5.488752171379065 -1.1335778951053777 0.0 0.0 0.0
0.3333333333333333 2.476638966213318 -2.698834292683343 3.4427338613376826 0.0 0.0 0.0
0.3333333333333333 1.1865867938378607 1.142487290681638 -1.9417805394935292 0.0 0.0 0.0
0.3333333333333333 2.6419095815913565 -5.0920904913816605 3.0533720825707675 0.0 0.0 0.0
0.3333333333333333 5.888531422729106 -2.3840848727959196 -1.5858486704220454 0.0 0.0 0.0
0.3333333333333333 2.3918567592420636 2.147301287531287 -0.5773018667483764 0.0 0.0 0.0
0.3333333333333333 2.3843006217786593 2.1004915193392115 6.042964176468278 0.0 0.0 0.0
0.3333333333333333 0.9074044187252945 -7.00827751558705 0.14677230450363585 0.0 0.0 0.0
0.3333333333333333 5.003644394847344 0.491652705422226 -0.8033181479389083 0.0 0.0 0.0
0.3333333333333333 -1.023542093784213 -2.798668685929082 -0.2887317791450226 0.0 0.0 0.0
0.3333333333333333 2.1162047186284325 -6.36629682652815 0.4144475850026513 0.0 0.0 0.0
0.3333333333333333 2.1592362166364096 4.653517931418012 4.968330829205124 0.0 0.0 0.0
0.3333333333333333 5.380703216698546 2.9352936243054204 -3.4415591730637787 0.0 0.0 0.0
0.3333333333333333 -5.463056483007341 -2.3816398421838394 3.945710782989387 0.0 0.0 0.0
0.3333333333333333 0.4069966111758663 5.227575329863332 -3.1889697997512916 0.0 0.0 0.0
0.3333333333333333 -1.958626545459671 1.7271285887204018 4.8587995686224765 0.0 0.0 0.0
0.3333333333333333 6.920355058872043 0.1270513562652323 -0.3516423402360902 0.0 0.0 0.0
0.3333333333333333 -5.078682882077656 -1.2249316501227545 4.717292892429748 0.0 0.0 0.0
0.3333333333333333 -6.509834047588287 1.2028355763081928 2.5756793541739875 0.0 0.0 0.0
0.3333333333333333 -3.9442139279734705 -2.2780352570190803 -5.073972821219749 0.0 0.0 0.0
0.3333333333333333 -1.4255542008504665 -6.266150907128789 3.1119095990773538 0.0 0.0 0.0
0.3333333333333333 -3.040123966139301 -4.53385739024617 -4.425939431394723 0.0 0.0 0.0
0.3333333333333333 -1.7537217018526046 -6.890384828472028 0.22293928807793423 0.0 0.0 0.0
0.3333333333333333 -6.245958331175599 -0.5993420303072211 -2.6113517109569333 0.0 0.0 0.0
0.3333333333333333 -2.2725409304230295 -2.943661383286423 -1.231722837521968 0.0 0.0 0.0
0.3333333333333333 0.912685401318998 0.31096786899031964 -5.277888405771146 0.0 0.0 0.0
0.3333333333333333 -2.2938812522392027 3.1379188934948186 5.219047446595229 0.0 0.0 0.0
0.3333333333333333 0.5905931310257594 1.1581653313268174 2.1825949557977617 0.0 0.0 0.0
0.3333333333333333 -2.060807512060754 -5.523579510081748 0.3187056019281789 0.0 0.0 0.0
0.3333333333333333 -2.5624102866986807 -1.1602874820364646 -1.8050574545291591 0.0 0.0 0.0
0.3333333333333333 -1.2352871356670347 -2.719534312638997 5.323283063476415 0.0 0.0 0.0
0.3333333333333333 5.1424273178651285 -0.2700258601244547 0.052831117005362443 0.0 0.0 0.0
0.3333333333333333 5.022716565055787 -1.087024307767992 -2.666225354787206 0.0 0.0 0.0
0.3333333333333333 -0.3739866131141275 1.253491855032034 -1.1497196396688163 0.0 0.0 0.0
0.3333333333333333 3.537949835759211 2.4556063550670153 2.397969857704441 0.0 0.0 0.0
0.3333333333333333 2.284916525022684 3.521027103911973 -0.6347581850121816 0.0 0.0 0.0
0.3333333333333333 3.091607513866937 4.475329965354816 2.323154745858423 0.0 0.0 0.0
0.3333333333333333 -5.011799202541141 -3.031443416285903 2.1169198207438518 0.0 0.0 0.0
0.3333333333333333 -2.015693832616206 -0.9155343324979158 -3.748193813090291 0.0 0.0 0.0
0.3333333333333333 -0.524004084567176 -4.602112204391829 -4.495407794225973 0.0 0.0 0.0
0.3333333333333333 0.8054603948497735 -2.56587520048857 6.028218738777297 0.0 0.0 0.0
0.3333333333333333 2.026629220265819 -3.031144711827475 -0.31363325632204303 0.0 0.0 0.0
0.3333333333333333 -2.288313625993828 -5.343471957258308 0.33961944747586753 0.0 0.0 0.0
0.3333333333333333 -2.884246149865581 3.1669681312729545 -1.417771983679961 0.0 0.0 0.0
0.3333333333333333 -5.122024769274225 4.510281624368366 1.7592926988675874 0.0 0.0 0.0
0.3333333333333333 1.7406205283811098 -5.093035730373855 -0.4643667602813333 0.0 0.0 0.0
0.3333333333333333 -1.5412202428098474 0.7870020056279093 -0.11980083758199948 0.0 0.0 0.0
0.3333333333333333 4.392078444387471 1.060032281196636 -2.1414658608176294 0.0 0.0 0.0
0.3333333333333333 -6.024110511188316 -2.2974963060040867 0.254025593328017 0.0 0.0 0.0
0.3333333333333333 1.5821033533974125 3.7009662508940773 -2.5829764331063316 0.0 0.0 0.0
0.3333333333333333 1.4909588404253877 2.8245308398118985 1.8897115278481176 0.0 0.0 0.0
0.3333333333333333 2.1625881679823173 0.6869145599374432 -2.463370041183329 0.0 0.0 0.0
0.3333333333333333 2.5080018093140697 -1.20175053861831 -3.7175194031139247 0.0 0.0 0.0
0.3333333333333333 -6.143456347296187 0.13458133211825687 -0.33233438122208986 0.0 0.0 0.0
0.3333333333333333 -2.723512887815101 0.9378583373894566 -0.2752446734633058 0.0 0.0 0.0
0.3333333333333333 1.138049368872316 6.7757504176782115 0.2087401194999742 0.0 0.0 0.0
0.3333333333333333 2.0871926712277 -3.015917726385837 1.7508283279189465 0.0 0.0 0.0
0.3333333333333333 -0.5173249618481971 3.7386187761052807 0.6764448749037365 0.0 0.0 0.0
0.3333333333333333 -1.7998921615537216 1.974983479723369 -1.7678575953356597 0.0 0.0 0.0
0.3333333333333333 4.083561822053395 -5.742058149013963 -0.5027811720967718 0.0 0.0 0.0
0.3333333333333333 -6.776938952621221 1.7413446032912612 -0.6689553798763604 0.0 0.0 0.0
0.3333333333333333 -3.691216617001805 0.6026356310720065 -4.154556027604099 0.0 0.0 0.0
0.3333333333333333 5.205328922867117 2.777804142070232 1.378697157720014 0.0 0.0 0.0
0.3333333333333333 -3.872462087115256 -1.7910503851295916 2.2247528998869117 0.0 0.0 0.0
0.3333333333333333 3.5462344398452688 0.6977619175509349 3.5635720770280526 0.0 0.0 0.0
0.3333333333333333 1.4584408906316235 2.304980010905321 4.868505426970379 0.0 0.0 0.0
0.3333333333333333 1.5160728226183007 -1.6381004487058035 -3.3949667517358235 0.0 0.0 0.0
0.3333333333333333 -1.5271573849773052 5.381521788412608 1.7789068501959064 0.0 0.0 0.0
0.3333333333333333 -2.2298476263675484 1.9127640771980623 4.1929775343299704 0.0 0.0 0.0
0.3333333333333333 1.6431202081214504 -2.250780748728894 6.036249686861866 0.0 0.0 0.0
0.3333333333333333 -2.228334391353714 -0.9946755730468748 3.8937207079289378 0.0 0.0 0.0
0.3333333333333333 4.458260998064024 1.1177070563966176 1.2071107404127612 0.0 0.0 0.0
0.3333333333333333 -4.188508092396319 -5.235240882950511 0.7455901970633498 0.0 0.0 0.0
0.3333333333333333 -1.262118959356811 5.914537433650643 -2.942178349680393 0.0 0.0 0.0
0.3333333333333333 4.178606287775213 3.3593634026469164 -1.8314038854904184 0.0 0.0 0.0
0.3333333333333333 -2.2772501038888846 6.033802343386739 2.0776432553548814 0.0 0.0 0.0
0.3333333333333333 2.8414105452657026 -3.9366865458550935 1.484746731668664 0.0 0.0 0.0
0.3333333333333333 -1.6226248596937594 0.5832401810781542 -1.4375326173132918 0.0 0.0 0.0
0.3333333333333333 -1.7945582253864374 -3.5994339681920047 2.3323248633832265 0.0 0.0 0.0
0.3333333333333333 4.147637328752005 -2.407524024505777 4.220463580514226 0.0 0.0 0.0
0.3333333333333333 2.458261036634403 -5.6700909252875675 2.4269188370985773 0.0 0.0 0.0
0.3333333333333333 1.9868693163849729 -0.37541072146306725 -1.494843825609665 0.0 0.0 0.0
0.3333333333333333 3.920770815663137 1.6108014143681404 3.8136285509401415 0.0 0.0 0.0
0.3333333333333333 -2.0924684559028206 -4.104731766219015 2.238348662277198 0.0 0.0 0.0
0.3333333333333333 3.2975232715597698 5.568269284678922 1.7363453628550964 0.0 0.0 0.0
0.3333333333333333 1.0899824032457752 4.388595271533563 -1.7170353254989121 0.0 0.0 0.0
0.3333333333333333 0.12133464838155136 -2.004538725853046 -3.893177981983562 0.0 0.0 0.0
0.3333333333333333 3.34588886384167 -2.1430175607316646 2.296063752019635 0.0 0.0 0.0
0.3333333333333333 -3.676863710593071 -1.124990328876593 4.77616389448103 0.0 0.0 0.0
0.3333333333333333 -3.0712631350354616 1.1141396976593652 -3.779599771505201 0.0 0.0 0.0
0.3333333333333333 5.143794051010116 -4.5136952073192385 1.3731135221714137 0.0 0.0 0.0
0.3333333333333333 -4.875517832356938 -4.883449286706046 0.9467003500612181 0.0 0.0 0.0
0.3333333333333333 0.692440951061904 2.878734134499886 1.7212920426314233 0.0 0.0 0.0
0.3333333333333333 -3.0261314008357227 0.07498967342754154 -5.309515678772681 0.0 0.0 0.0
0.3333333333333333 -4.220682412018686 -2.2119385185730405 5.051143154567694 0.0 0.0 0.0
0.3333333333333333 -4.883491148571491 -1.315073158173117 -4.681502591298214 0.0 0.0 0.0
0.3333333333333333 1.8110366448323496 -5.25663453784822 2.1256810846234617 0.0 0.0 0.0
0.3333333333333333 -2.688349706358884 -0.12614997848084145 -4.5100197311414565 0.0 0.0 0.0
0.3333333333333333 4.119046414145999 -2.514888282603292 -2.432094593541131 0.0 0.0 0.0
0.3333333333333333 -1.4681837102930317 -1.9501772376863318 -1.6648966705935127 0.0 0.0 0.0
0.3333333333333333 -5.379756355612033 1.2915302660730834 -2.7286896538156125 0.0 0.0 0.0
0.3333333333333333 -1.630056377422577 4.440191387541291 2.3917512718449823 0.0 0.0 0.0
