2000[[ 5.00000000e-02 -6.60953920e+01 -2.53594362e+01 ...  0.00000000e+00
   0.00000000e+00  0.00000000e+00]
 [ 5.00000000e-02 -6.81698265e+01 -4.98705427e+01 ...  0.00000000e+00
   0.00000000e+00  0.00000000e+00]
 [ 5.00000000e-02 -6.05221049e+01 -1.40327053e+01 ...  0.00000000e+00
   0.00000000e+00  0.00000000e+00]
 ...
 [ 5.00000000e-02  3.40911012e+01 -1.18662838e+02 ...  0.00000000e+00
   0.00000000e+00  0.00000000e+00]
 [ 5.00000000e-02  1.27284560e+02 -2.44021351e+01 ...  0.00000000e+00
   0.00000000e+00  0.00000000e+00]
 [ 5.00000000e-02  1.10661841e+01 -3.46408468e+00 ...  0.00000000e+00
   0.00000000e+00  0.00000000e+00]]