100
0
1.0 3.423075518600847 -0.14668687744403594 -2.378531560556674 0.0 0.0 0.0
1.0 5.724488164495596 2.4397318547410554 1.982174751872219 0.0 0.0 0.0
1.0 2.669938379003394 -1.7143464423377834 -1.5207560635286463 0.0 0.0 0.0
1.0 -6.957862935210464 1.740324469088198 0.2171029021923376 0.0 0.0 0.0
1.0 -0.04801314407219603 -3.5716230734386736 5.502373281671473 0.0 0.0 0.0
1.0 -0.5802386758733337 3.1174766061050594 -2.306752375019494 0.0 0.0 0.0
1.0 1.6768545753276152 0.5026720908370645 -1.7680820097413295 0.0 0.0 0.0
1.0 -1.823498634419527 -3.661240764004653 -5.062058207622263 0.0 0.0 0.0
1.0 -0.5586038690521011 1.8360224251781063 0.7060232046169649 0.0 0.0 0.0
1.0 -2.129240843965828 0.7513469912854451 -5.007737758566498 0.0 0.0 0.0
1.0 1.2733855186297534 -6.665818399065668 1.8725924286887914 0.0 0.0 0.0
1.0 1.401967384537478 -4.478987335561649 5.29449246233035 0.0 0.0 0.0
1.0 3.7117339677544052 -3.4630805894367453 -3.831778744988261 0.0 0.0 0.0
1.0 -2.2828820519120905 -3.3990613181637404 -4.407510019162529 0.0 0.0 0.0
1.0 2.035205729955935 3.5724162067824774 1.052446693674652 0.0 0.0 0.0
1.0 -3.0555175265469696 4.065523145550807 3.093376824025529 0.0 0.0 0.0
1.0 1.943523565857697 -5.095170847858681 2.5051507409868674 0.0 0.0 0.0
1.0 -0.6797367779931609 5.530515402076555 1.2689904745654799 0.0 0.0 0.0
1.0 -5.38517409783024 3.065552623911102 1.5379185272940594 0.0 0.0 0.0
1.0 -1.4037295303497583 4.840776113419372 3.409429943242504 0.0 0.0 0.0
1.0 -2.1390906551471165 3.1895795122446056 -3.433789284561779 0.0 0.0 0.0
1.0 -2.150019671001115 -0.06931634057438704 5.312212357370209 0.0 0.0 0.0
1.0 0.41609340665093414 -1.9926252307465389 5.092372283100981 0.0 0.0 0.0
1.0 2.5099185952535006 -1.66204345804656 3.1869738749473404 0.0 0.0 0.0
1.0 2.284449543530999 4.08924760538891 -4.911871691652249 0.0 0.0 0.0
1.0 -3.59437379358454 0.36473486483794976 2.292325978730538 0.0 0.0 0.0
1.0 1.4063241923565148 -1.2401245722761165 -1.6871807553048896 0.0 0.0 0.0
1.0 -2.9138062331454524 3.8587714812918295 -1.8468086750193928 0.0 0.0 0.0
1.0 -3.8971960974005033 3.853365093389342 -1.06208372291252 0.0 0.0 0.0
1.0 -2.4081457220059055 5.916708268150394 1.7714482747511744 0.0 0.0 0.0
1.0 4.533502030752045 -2.264544575460426 4.284635971035305 0.0 0.0 0.0
1.0 1.2428566181906726 -4.0064288210255 5.120934816833041 0.0 0.0 0.0
1.0 2.7081920321286095 3.2914900233760083 -0.5616667232579009 0.0 0.0 0.0
1.0 0.3108936755148019 1.9027787602516202 -2.4495278111587515 0.0 0.0 0.0
1.0 -1.9863872021673752 0.4292027617718689 -3.281192361684714 0.0 0.0 0.0
1.0 4.099500779083871 -0.8782743110410751 -1.4273755902412855 0.0 0.0 0.0
1.0 2.0461360224031795 -2.8786287047451258 -4.978837232631415 0.0 0.0 0.0
1.0 -1.4491126554178277 5.091592368461682 -1.9541703194707047 0.0 0.0 0.0
1.0 -3.320038717072318 1.061929717235865 -2.1364411439493134 0.0 0.0 0.0
1.0 4.133689899661176 2.976610439520229 -4.182191251015841 0.0 0.0 0.0
1.0 -2.0538240724453223 -1.1040156968218222 -1.1394514430165648 0.0 0.0 0.0
1.0 1.0857155608425788 -0.8886932378655449 3.637663889230603 0.0 0.0 0.0
1.0 -5.4935975083493 0.1480234559276266 -2.8074565656620565 0.0 0.0 0.0
1.0 2.0274996532839236 -4.210827712170767 2.695167780429626 0.0 0.0 0.0
1.0 -2.9758998441896654 4.795807531185283 -0.3057812671227123 0.0 0.0 0.0
1.0 4.216383536443224 1.549082123174298 1.7665776885823168 0.0 0.0 0.0
1.0 -2.839871380784684 1.1009638690212695 0.74152456976186 0.0 0.0 0.0
1.0 -5.353042632072097 -0.8530044774687954 4.01782208317048 0.0 0.0 0.0
1.0 -6.743065274504321 -1.777879033188087 -1.222575626228024 0.0 0.0 0.0
1.0 -5.780865594884413 0.0733613753579572 2.798683210935425 0.0 0.0 0.0
1.0 0.63982785776657 -3.7459828981108374 2.7909660377891443 0.0 0.0 0.0
1.0 -5.236186302480003 -2.740441246184066 -2.858212489190234 0.0 0.0 0.0
1.0 -2.122656545709146 4.8298838315988935 3.8713419291786924 0.0 0.0 0.0
1.0 4.646708460660945 1.1493898154877733 -3.041057990758066 0.0 0.0 0.0
1.0 -3.5061733635342662 0.0836235711518724 -4.0806700952689505 0.0 0.0 0.0
1.0 5.9102957448730855 3.5257074669677047 1.7818359548956986 0.0 0.0 0.0
1.0 4.214819605916628 -1.3241743939636281 0.04241758442528653 0.0 0.0 0.0
1.0 -0.6985934317313768 0.6665809947959285 -4.826511109402532 0.0 0.0 0.0
1.0 3.074426464778577 -1.6205902789892823 2.754644769982218 0.0 0.0 0.0
1.0 -0.5012507800915388 3.279762824161061 6.088234923757954 0.0 0.0 0.0
1.0 0.04703941266032926 -2.8210117805572636 4.65106721231586 0.0 0.0 0.0
1.0 0.7319189435784035 0.11514030971739123 -3.3637919852417366 0.0 0.0 0.0
1.0 2.784667391798197 0.3338156106984731 2.238449977033281 0.0 0.0 0.0
1.0 2.4735100381446706 -5.085704476776918 -4.192528151112526 0.0 0.0 0.0
1.0 2.6902958608510645 -5.085732446352696 -3.330018158929907 0.0 0.0 0.0
1.0 2.395357674136783 3.4045456195117665 -3.6951319890435337 0.0 0.0 0.0
1.0 -2.5309787983742735 1.548635162198636 -4.481167019601874 0.0 0.0 0.0
1.0 -2.108391472815467 4.184150492271574 3.776663357197682 0.0 0.0 0.0
1.0 -4.918879633863245 -4.063694237387217 3.0512764283367737 0.0 0.0 0.0
1.0 -0.47869012714684533 4.106279140302362 4.595946479751427 0.0 0.0 0.0
1.0 2.655533688778333 -5.7204520831268875 0.09803636005732916 0.0 0.0 0.0
1.0 -2.117634236998806 5.840746851672833 -3.0593483984899965 0.0 0.0 0.0
1.0 0.09635649241709815 -4.558644287560575 3.912419590168868 0.0 0.0 0.0
1.0 3.683156809312971 -3.0751011244146333 3.0991246015677842 0.0 0.0 0.0
1.0 6.802722672988126 0.4507404719482412 0.24279474851132055 0.0 0.0 0.0
1.0 0.608404047845501 -0.8952071595514868 -6.09792223906472 0.0 0.0 0.0
1.0 -0.5897769345285577 4.568230097617799 -1.7611396259153151 0.0 0.0 0.0
1.0 6.052905402583802 -0.031188464535491053 3.6480691829522063 0.0 0.0 0.0
1.0 1.4157950746024417 -5.6296816600871145 1.7796400569158688 0.0 0.0 0.0
1.0 -6.00400341328537 2.26782427595517 0.7119677006748789 0.0 0.0 0.0
1.0 -4.822179457362193 -1.875357684283168 3.321286050598297 0.0 0.0 0.0
1.0 3.0488945187615646 -1.724864051037074 -0.7822023637154565 0.0 0.0 0.0
1.0 -2.2451441553233518 -5.083727156294017 0.3647710990865106 0.0 0.0 0.0
1.0 -0.25909575012254626 -5.143249546749557 2.0231299829489617 0.0 0.0 0.0
1.0 2.5416879854995242 5.7767573512657515 1.9362760941203192 0.0 0.0 0.0
1.0 3.6363924605010407 1.5440632092018143 -2.9571631265940477 0.0 0.0 0.0
1.0 0.9716687869926793 -6.291108604939547 1.9110530126483825 0.0 0.0 0.0
1.0 2.4258167800042805 2.992116026449334 -2.6128561780564223 0.0 0.0 0.0
1.0 3.5840247613305043 -3.753455641850524 -2.216689152389486 0.0 0.0 0.0
1.0 -4.181001630299983 -1.679003025299565 0.34507665506369384 0.0 0.0 0.0
1.0 -3.9558270786788072 0.1246007871978822 3.450431077467749 0.0 0.0 0.0
1.0 0.41018538793821663 -2.237819987999405 -1.9170656130589823 0.0 0.0 0.0
1.0 -1.2993156148811589 -6.918674986143356 -0.8678441207894877 0.0 0.0 0.0
1.0 -3.030830633719077 -4.143122814756228 3.1403825292305294 0.0 0.0 0.0
1.0 5.507449457352968 -0.2219822848299541 -0.3779164316979274 0.0 0.0 0.0
1.0 -1.560957694804174 -0.770333786902772 -6.217932316279426 0.0 0.0 0.0
1.0 3.446010424802707 0.09445021538358449 -1.1463203586752795 0.0 0.0 0.0
1.0 3.033648532365466 -0.23741811780813665 -1.691503801138414 0.0 0.0 0.0
1.0 -5.133534926855732 2.3900151693523144 4.133449595003692 0.0 0.0 0.0
1.0 1.2123484452720419 -0.9023996109569056 -3.9778426037875847 0.0 0.0 0.0
