250
0
0.4 3.7566064605991873 5.181430093684901 2.366151021266275 0.0 0.0 0.0
0.4 -4.046718237169351 -5.507312893513099 1.4256678572468888 0.0 0.0 0.0
0.4 -3.13700378275441 -1.5273120032087382 5.367274916256119 0.0 0.0 0.0
0.4 -0.9263957871142676 -3.86663420391817 4.720229557025725 0.0 0.0 0.0
0.4 4.818842271476425 3.7795341712660204 -1.6063886857695928 0.0 0.0 0.0
0.4 -0.7315769923395887 -0.32449440970863014 -0.1590687076219185 0.0 0.0 0.0
0.4 -2.8672527728402173 5.452633461838432 1.6958645882601127 0.0 0.0 0.0
0.4 -2.3470504443007854 -3.102786769184408 -4.12364306018182 0.0 0.0 0.0
0.4 4.789550401726096 1.3744018184949331 2.2170234330002208 0.0 0.0 0.0
0.4 2.6495862032981172 -0.8297583561494708 3.7941832078790454 0.0 0.0 0.0
0.4 0.37326681905706083 -3.904104514309242 0.499620823818162 0.0 0.0 0.0
0.4 0.19306254440869636 5.055840629901304 -4.101699502778092 0.0 0.0 0.0
0.4 -5.7797054929372695 1.1575341880770549 -0.1780456126741364 0.0 0.0 0.0
0.4 -0.19125315521408914 5.008478013228927 2.8661920216303334 0.0 0.0 0.0
0.4 3.338920519462012 -4.3608298295264625 1.755198633270348 0.0 0.0 0.0
0.4 -2.663958527732877 -3.27316144149623 5.54294843866045 0.0 0.0 0.0
0.4 1.507384113435425 -0.12319806100431346 1.4631612212221814 0.0 0.0 0.0
0.4 -4.1036512485605074 0.06057811705132213 1.0711375924535553 0.0 0.0 0.0
0.4 4.876392171793939 0.1281218503553697 -0.5132950217423773 0.0 0.0 0.0
0.4 5.199291563177278 3.9405434583329217 -2.211017630376543 0.0 0.0 0.0
0.4 4.315529458946228 -0.3831468962455604 -2.9838645760380778 0.0 0.0 0.0
0.4 1.127172889125381 -3.478612615776252 0.36311775339526375 0.0 0.0 0.0
0.4 -1.7742607796165517 -3.133558367657028 -1.7068973793310431 0.0 0.0 0.0
0.4 -4.7383022533115 -0.1886452539338667 -5.185680881758067 0.0 0.0 0.0
0.4 1.294499099661005 -5.177062458216974 -0.7930348248963505 0.0 0.0 0.0
0.4 -1.624872998508754 4.1209897038094105 2.4889594428175625 0.0 0.0 0.0
0.4 0.7834419022912654 -2.128429776447195 -2.4231374764896745 0.0 0.0 0.0
0.4 -4.853306892638168 4.8529969429887565 -1.2706901445684777 0.0 0.0 0.0
0.4 -2.0853217465030784 -0.39772325554995275 5.309707324839788 0.0 0.0 0.0
0.4 1.2825462498275817 0.04092504256043051 4.2729280099920395 0.0 0.0 0.0
0.4 -0.6373665398735454 -2.161555990494037 0.6944058553845073 0.0 0.0 0.0
0.4 2.913728185050509 -1.0041600382255709 -4.937343948929386 0.0 0.0 0.0
0.4 1.1969089586984833 1.8748080666706717 -3.639600828616838 0.0 0.0 0.0
0.4 2.152268292048972 1.3704611464332148 5.599861941147766 0.0 0.0 0.0
0.4 -0.3382953745290185 -4.188256152601659 2.7385184381147316 0.0 0.0 0.0
0.4 0.8209024903646236 -0.5005942317362916 0.07329103063141616 0.0 0.0 0.0
0.4 1.976476787292777 -0.9074480258745667 -5.751260563803306 0.0 0.0 0.0
0.4 2.8385608992442646 0.5686084427336081 1.4085631303472488 0.0 0.0 0.0
0.4 -5.9487698157734625 2.0170619565507053 -0.9977579826122543 0.0 0.0 0.0
0.4 -0.701637209487373 3.989125031523184 2.499990659699232 0.0 0.0 0.0
0.4 0.07505619121128379 7.173736627468855 0.00021870650115669816 0.0 0.0 0.0
0.4 -2.031094314214105 3.262692264652938 -5.118032389671641 0.0 0.0 0.0
0.4 -3.632674480951868 1.1660301763386272 -2.6589327237966254 0.0 0.0 0.0
0.4 4.849750245488426 2.3064952319636456 1.8325044200593303 0.0 0.0 0.0
0.4 1.2136118467933081 -4.0677545181787735 1.8083750446513058 0.0 0.0 0.0
0.4 1.866113217048437 3.5406962107045836 1.9900364232538132 0.0 0.0 0.0
0.4 1.6400716021545834 3.7242144014229672 2.6392058887271075 0.0 0.0 0.0
0.4 0.5768160313310237 0.6867907476427229 -0.450724522168645 0.0 0.0 0.0
0.4 1.4776561137579345 -0.656703251662348 -2.9250209288168234 0.0 0.0 0.0
0.4 2.0821008284115683 -0.8695376019409317 -3.4611726002954772 0.0 0.0 0.0
0.4 3.1057153495636656 -3.3818242273896737 -4.491359334534511 0.0 0.0 0.0
0.4 -4.622649319125991 3.7454393408024282 0.300642689547894 0.0 0.0 0.0
0.4 -1.5179462266957762 0.6009852328667692 2.1330582034619 0.0 0.0 0.0
0.4 -0.8795377764634036 2.7659845292968748 2.4843292012643716 0.0 0.0 0.0
0.4 -3.945122344612331 -2.4289670477137717 -3.259528922802134 0.0 0.0 0.0
0.4 -1.364581403996338 -1.9834308882011915 6.027247152509905 0.0 0.0 0.0
0.4 1.3440616173444269 3.996908693060234 -1.8722204706493988 0.0 0.0 0.0
0.4 -1.35257458274296 -4.777067658912859 -0.034300270025906084 0.0 0.0 0.0
0.4 2.3203848352884653 2.0935232439846603 -0.5156821761535997 0.0 0.0 0.0
0.4 -2.37584532541562 1.2856348733145988 2.497548225026797 0.0 0.0 0.0
0.4 1.6332034552811552 -1.932210325517739 -6.158299086853021 0.0 0.0 0.0
0.4 -1.1635876766780815 -0.8182941688747155 -5.017136652935577 0.0 0.0 0.0
0.4 3.762200032025554 -1.0850361223838776 -3.373787963498929 0.0 0.0 0.0
0.4 0.3149270812036667 1.9738349405533975 -6.534239717250914 0.0 0.0 0.0
0.4 2.0649460107421698 1.125365941113619 -2.8373071010364996 0.0 0.0 0.0
0.4 0.859222566022802 1.7358595761831093 5.870024122306867 0.0 0.0 0.0
0.4 3.394561569127666 1.1994616366928832 -2.573635351322598 0.0 0.0 0.0
0.4 0.31423452185749 -4.791906537536929 -2.2212783377434224 0.0 0.0 0.0
0.4 -0.31546908996164896 0.022938674797984775 -0.7215255960922003 0.0 0.0 0.0
0.4 -0.22652227830565386 -3.2938382783355724 5.9706311498641345 0.0 0.0 0.0
0.4 1.3894292371931993 -5.189213499630861 -0.6398263713166679 0.0 0.0 0.0
0.4 -4.873788184075839 4.7194497641882815 -0.05708517582014755 0.0 0.0 0.0
0.4 -1.681466727782399 3.660713708903854 5.5379608796217825 0.0 0.0 0.0
0.4 -4.368403016088855 2.645563528514175 4.842978831680885 0.0 0.0 0.0
0.4 -0.9252081807086138 3.1157832415545115 5.703611036662261 0.0 0.0 0.0
0.4 4.660312355439983 -0.6105525126799723 -5.141719849505866 0.0 0.0 0.0
0.4 0.968028373251368 3.2231591620975 4.762979198390494 0.0 0.0 0.0
0.4 0.4007678365211362 -0.8363533724176032 4.398046334628987 0.0 0.0 0.0
0.4 3.102408309986715 -2.834082322187449 4.813440948697618 0.0 0.0 0.0
0.4 -0.5362679903298961 5.44799293217896 1.7415243028114602 0.0 0.0 0.0
0.4 1.167741093320999 -4.010236354151664 2.171259732192607 0.0 0.0 0.0
0.4 5.007808267766628 2.06505316464894 1.6036113570354211 0.0 0.0 0.0
0.4 -2.316712240350552 -5.16857760062267 2.3591786352673263 0.0 0.0 0.0
0.4 -4.1855749647879055 4.474449746488439 -2.7563862854319567 0.0 0.0 0.0
0.4 4.015990189859823 -1.9933645812577414 -0.7590085141074641 0.0 0.0 0.0
0.4 0.503144706531121 2.3728583904997578 3.2580589922147993 0.0 0.0 0.0
0.4 2.1268504938395596 -5.264719672420391 -2.2616027100131313 0.0 0.0 0.0
0.4 -1.8187740809272392 -4.562128384387565 0.610623434404888 0.0 0.0 0.0
0.4 -1.57496853465075 4.022060356701603 1.894720418823649 0.0 0.0 0.0
0.4 1.602514190414587 -1.6304045583619688 1.1972285483258842 0.0 0.0 0.0
0.4 -0.5282898227440943 3.490356798898975 -5.720378816985687 0.0 0.0 0.0
0.4 4.230327855703787 1.3459793257218593 -1.757667548074877 0.0 0.0 0.0
0.4 -3.65346115243264 -0.28986964601324955 4.491763633704476 0.0 0.0 0.0
0.4 -4.1621721663326605 1.646726289300689 -2.3299532572536004 0.0 0.0 0.0
0.4 4.6702391686242555 2.1757514903402675 -3.4670656915139815 0.0 0.0 0.0
0.4 2.971827967224926 -0.00041886227244379294 0.9111265036859918 0.0 0.0 0.0
0.4 1.0534572819289514 1.2663874288309525 -0.453895443946118 0.0 0.0 0.0
0.4 -6.2174711977780746 1.575173350580683 -3.2082030690486474 0.0 0.0 0.0
0.4 -1.1486889690980369 2.2949224554718652 -6.375625910441259 0.0 0.0 0.0
0.4 -1.2391763614393658 -1.1339915810891144 -2.9410648286011805 0.0 0.0 0.0
0.4 -2.3775150094851143 -3.975800504942681 -0.8380319056437692 0.0 0.0 0.0
0.4 -4.222159400585657 1.3525896511258826 -0.9211044349918379 0.0 0.0 0.0
0.4 -1.4621882667472217 2.7400407955155917 -5.7919699987861115 0.0 0.0 0.0
0.4 -1.5395283659903698 -2.132055465760316 2.008914569209757 0.0 0.0 0.0
0.4 2.2255715885406713 -4.017673675378647 -3.1625241182957793 0.0 0.0 0.0
0.4 -6.3221639628759645 1.3623668459989313 -1.317898244847478 0.0 0.0 0.0
0.4 -0.0951654127834591 3.868740452680358 -1.56641128619783 0.0 0.0 0.0
0.4 -4.629895253200318 -0.5334680346642172 4.300452908693727 0.0 0.0 0.0
0.4 3.2950371295922887 -0.6330655338054688 0.8521277617888025 0.0 0.0 0.0
0.4 4.9797550827500086 -5.181575744615973 -0.3396126960982092 0.0 0.0 0.0
0.4 4.141285577901227 -1.6904609014562284 -5.422206691291963 0.0 0.0 0.0
0.4 3.1836789391509823 2.8067492074072997 -3.5430971114337164 0.0 0.0 0.0
0.4 -4.817263799846178 -1.547226794946756 -3.1733301651041317 0.0 0.0 0.0
0.4 1.4887781386183199 -2.911497039799195 1.2782222674794574 0.0 0.0 0.0
0.4 1.4396634249940305 2.644422350940015 2.03500636447476 0.0 0.0 0.0
0.4 0.33884485866654646 -1.5120040262007841 -0.6674033645880911 0.0 0.0 0.0
0.4 5.343445319020968 -1.0947039545634816 1.7126479533349348 0.0 0.0 0.0
0.4 4.500583556037883 -3.0386971930642472 -0.9402052991750655 0.0 0.0 0.0
0.4 2.5980530236367114 -5.167907463152838 1.1193442565819873 0.0 0.0 0.0
0.4 1.7920284252655705 -1.9752658819242859 1.4136091931402246 0.0 0.0 0.0
0.4 2.989944737389312 2.2828821000522184 -4.306229640114167 0.0 0.0 0.0
0.4 -1.5526793155549146 -5.915591230769768 2.7421816045018876 0.0 0.0 0.0
0.4 5.915735805231345 -0.04315910454528467 -2.7918637540975246 0.0 0.0 0.0
0.4 -1.637199076401396 1.4518887734802735 3.559096635829707 0.0 0.0 0.0
0.4 -0.6115011790840115 4.098295545642707 -2.225846974132737 0.0 0.0 0.0
0.4 -1.2372387197431738 0.2721869605960334 -5.799783153501765 0.0 0.0 0.0
0.4 1.134832534653351 3.3902857081384643 -3.4849351451697173 0.0 0.0 0.0
0.4 -5.086809915458425 -2.991544519639646 1.8906537325494888 0.0 0.0 0.0
0.4 -3.219909786439075 -0.0799679570121893 -1.4367275510213362 0.0 0.0 0.0
0.4 1.895295774966749 1.7465556997406404 -6.390164310231803 0.0 0.0 0.0
0.4 0.0015250148489030352 -3.4893423999937565 3.1017883190326767 0.0 0.0 0.0
0.4 -4.599749985129827 0.7807787600405837 -2.6149463937205426 0.0 0.0 0.0
0.4 5.4739318219101625 -0.3449153142782311 -4.185501977654008 0.0 0.0 0.0
0.4 -5.312399544813433 3.3278593116900304 3.5326125222805618 0.0 0.0 0.0
0.4 2.970503908159374 -2.663458819642696 -3.3817144471819898 0.0 0.0 0.0
0.4 -1.1940649792527944 2.144596759892136 -5.387235652194088 0.0 0.0 0.0
0.4 -5.7321478233434995 4.185325561929249 0.6980889219791716 0.0 0.0 0.0
0.4 -3.451468946262725 3.8690143153886796 1.0394065497529623 0.0 0.0 0.0
0.4 -3.791075963513854 1.753510628831067 2.2073382593828006 0.0 0.0 0.0
0.4 2.132888424123338 4.71080093859939 -2.4051641060814717 0.0 0.0 0.0
0.4 -3.087851138131083 2.6807900455804017 5.057974851990429 0.0 0.0 0.0
0.4 -0.35823588601743256 -0.4263242435787482 -5.304570198819463 0.0 0.0 0.0
0.4 3.1214027215855302 0.018398156671416706 4.498744524610619 0.0 0.0 0.0
0.4 -1.1952809880753743 -4.329732209643479 4.766384494577964 0.0 0.0 0.0
0.4 3.64074409857408 2.5090405719194373 -2.4479373917883485 0.0 0.0 0.0
0.4 2.246939290266823 -4.346495324828049 4.073132310210245 0.0 0.0 0.0
0.4 5.803159873856131 -3.6224009255884684 0.36872108157266625 0.0 0.0 0.0
0.4 -0.4688933486860386 6.7596135376160715 0.1849056047339628 0.0 0.0 0.0
0.4 -1.9526943967714874 0.5328749462810048 -5.349670052139842 0.0 0.0 0.0
0.4 1.7518777260822458 -1.310695686985216 -2.0638664879019686 0.0 0.0 0.0
0.4 1.5729512531745653 -0.2607267097020899 4.031767437988763 0.0 0.0 0.0
0.4 -1.1563270338179754 5.420761926914127 -1.8419617164333404 0.0 0.0 0.0
0.4 2.615858039402857 -2.408084141445565 -3.3525068814377312 0.0 0.0 0.0
0.4 -2.2981498847532036 -5.789966494315526 -3.1326329989368706 0.0 0.0 0.0
0.4 2.919819503306307 4.331667976631629 -3.0899414174872155 0.0 0.0 0.0
0.4 5.043274844575413 -1.1381627009780297 1.3963824420103785 0.0 0.0 0.0
0.4 2.6378342716031353 5.417671033588268 -0.7852448385850667 0.0 0.0 0.0
0.4 2.231583570379492 -2.2241601299645164 -2.6680824840868107 0.0 0.0 0.0
0.4 -1.7623374863571475 1.2025091222148707 4.01150973552854 0.0 0.0 0.0
0.4 -3.1523097053318674 -5.063534432391275 4.006465807117008 0.0 0.0 0.0
0.4 1.6135877930268991 0.684213669831904 -2.27124133928538 0.0 0.0 0.0
0.4 -4.450147610433025 2.0289868206930683 1.4686838448078745 0.0 0.0 0.0
0.4 1.6727548027607981 -0.6467010472073634 5.362878580121022 0.0 0.0 0.0
0.4 -3.6246946274181067 -3.2286869000567204 -4.54230322425315 0.0 0.0 0.0
0.4 -1.9083904452922544 2.994135262831154 0.27110785225584133 0.0 0.0 0.0
0.4 -0.6946611255991949 6.0140898148415 0.30643716088009754 0.0 0.0 0.0
0.4 4.738923071359836 -2.7038718275633897 1.822182084864141 0.0 0.0 0.0
0.4 -3.738953192741556 -1.6525907897294858 3.6461443886890788 0.0 0.0 0.0
0.4 2.800954664861895 -1.2159850120135867 1.4640475415728522 0.0 0.0 0.0
0.4 5.512650190465325 0.8108795225139458 -2.2279609993949268 0.0 0.0 0.0
0.4 0.2406698790233541 -1.1454441401314357 -1.675713992826526 0.0 0.0 0.0
0.4 4.929583754664823 2.823347506545109 3.8788303341508765 0.0 0.0 0.0
0.4 1.0984613301298405 -2.220457080978105 -3.1754150986390535 0.0 0.0 0.0
0.4 1.7226627154632566 2.8631151924107745 1.6713461440403434 0.0 0.0 0.0
0.4 5.853142953997224 -2.792041181307293 -0.2736433115110217 0.0 0.0 0.0
0.4 1.9455276299920707 2.4457134196519648 1.1400862335879025 0.0 0.0 0.0
0.4 1.586142026020822 -6.861585487180876 0.7971747220332418 0.0 0.0 0.0
0.4 -2.169324509837476 2.6979279163945744 -1.9094978857179017 0.0 0.0 0.0
0.4 1.3655945112436965 -4.793503985322009 -4.535432185600654 0.0 0.0 0.0
0.4 2.473179396533459 0.6707280153820074 5.406057419047299 0.0 0.0 0.0
0.4 1.183062553784468 -5.466754974169651 -3.2897175132732834 0.0 0.0 0.0
0.4 0.6798421579363031 2.730821660591386 -1.3676960716013093 0.0 0.0 0.0
0.4 3.0193580648235367 -3.036841840097948 -4.600748992697377 0.0 0.0 0.0
0.4 -4.6564110431122065 3.1081840367083946 3.652365901298372 0.0 0.0 0.0
0.4 -5.850153374903547 -0.45360635465732907 -1.4725220328259263 0.0 0.0 0.0
0.4 -0.443076065726866 0.3665542534757135 -3.640734116561553 0.0 0.0 0.0
0.4 -1.2846202012866466 2.1418143980754407 4.552189073317649 0.0 0.0 0.0
0.4 -0.30125992755673014 -1.0367196708660422 4.493491082558676 0.0 0.0 0.0
0.4 0.7445133165833978 -5.021035561060495 2.6648886299897456 0.0 0.0 0.0
0.4 0.19044505997776506 5.513656014067607 -1.3959483341872483 0.0 0.0 0.0
0.4 4.502006507384422 -1.0609596777501384 -0.22318117085222372 0.0 0.0 0.0
0.4 -2.1144398730926217 6.105234969307753 -2.6492923824785195 0.0 0.0 0.0
0.4 -2.7228013640985678 -1.6277279920315382 -6.131062594500721 0.0 0.0 0.0
0.4 -6.1561813161547265 -0.5612698197806841 -0.9601786317692454 0.0 0.0 0.0
0.4 0.46145099109192733 1.8122159271213902 4.138733867683065 0.0 0.0 0.0
0.4 -4.3955625817144535 4.558862242283319 0.16499411172624745 0.0 0.0 0.0
0.4 -0.732024724095481 -1.7214567243931733 -1.5923592928047898 0.0 0.0 0.0
0.4 -1.474150411177667 -4.017690411941203 4.295310114126212 0.0 0.0 0.0
0.4 -4.128449054072999 5.010356725607534 2.701283997677754 0.0 0.0 0.0
0.4 -5.121327912850759 -2.008062392418484 2.06625531046687 0.0 0.0 0.0
0.4 0.3518525052551934 4.824746159991363 5.317638288849404 0.0 0.0 0.0
0.4 -2.3595070597258387 5.3847854739404095 -3.1441069039250285 0.0 0.0 0.0
0.4 -3.0227473151579636 2.225691922560251 2.2102646873966982 0.0 0.0 0.0
0.4 -5.298726482571517 1.570685345254365 -2.674555158321029 0.0 0.0 0.0
0.4 -2.0787445669749496 0.33173476779492156 -3.5124599724721848 0.0 0.0 0.0
0.4 2.312194694840444 -0.04245480762291911 -1.3000164240669256 0.0 0.0 0.0
0.4 -4.183311781501865 -4.224060933460277 2.0470668738240207 0.0 0.0 0.0
0.4 0.28021178054793705 -7.008395827288754 -0.7945851344302757 0.0 0.0 0.0
0.4 1.3521827323868874 -4.655379414688375 -2.530045885337751 0.0 0.0 0.0
0.4 -2.490580088510993 0.32167506372207866 0.08424681996455333 0.0 0.0 0.0
0.4 1.1323062620627158 5.596284993766877 -2.7052261392431216 0.0 0.0 0.0
0.4 -3.241988796491293 -3.3780919222508734 1.6211943992574438 0.0 0.0 0.0
0.4 -1.7764090401827581 -3.8099803247881656 4.507833577271252 0.0 0.0 0.0
0.4 1.9660780481230378 -4.785735712795694 3.6300277100200353 0.0 0.0 0.0
0.4 3.7855968096756953 5.151461993996209 -0.04511658098329015 0.0 0.0 0.0
0.4 -3.3660033164241487 5.007169152288938 -3.1889904256348887 0.0 0.0 0.0
0.4 -2.065129832644507 -3.4077635132492547 -4.111071596404788 0.0 0.0 0.0
0.4 6.2387023354717615 -1.1272804485378325 3.051670107418411 0.0 0.0 0.0
0.4 4.929681335987302 2.0891182148367626 4.124503306275245 0.0 0.0 0.0
0.4 -2.1610411810838985 5.779789562449852 1.4395460808472045 0.0 0.0 0.0
0.4 0.6820522615757222 -2.5230061964068247 4.8103026728823215 0.0 0.0 0.0
0.4 -0.15059857829525738 -6.2005338495026825 -0.9526116282149949 0.0 0.0 0.0
0.4 1.0879728956879473 2.8102395574338255 -3.7985881114681264 0.0 0.0 0.0
0.4 -2.019592243520334 -0.3259578324011397 6.037124342616784 0.0 0.0 0.0
0.4 -3.7716823549690455 -4.801178043292883 3.1067959928267124 0.0 0.0 0.0
0.4 -3.3989157036417206 1.0025677513334461 0.6907482507471876 0.0 0.0 0.0
0.4 3.6347108216928237 -5.094348049496694 -1.5460906911886523 0.0 0.0 0.0
0.4 0.5113277717195751 -3.276775840413502 -1.1701419440454952 0.0 0.0 0.0
0.4 2.263129149544684 4.139863686977501 -0.7168243207507882 0.0 0.0 0.0
0.4 -5.348372547866995 -3.6238076341167353 -0.596288184199874 0.0 0.0 0.0
0.4 0.28807063514156767 0.35991091401088027 4.242828463435963 0.0 0.0 0.0
0.4 3.266666093008333 -6.079579326168352 0.6232779214033701 0.0 0.0 0.0
0.4 0.7124762425947735 6.718171733765295 -0.9034955093763455 0.0 0.0 0.0
0.4 1.6012315253058718 -6.4309371844731436 -2.4404146864443828 0.0 0.0 0.0
0.4 -0.3274569043981041 -3.9887463083969408 -1.494050948159443 0.0 0.0 0.0
0.4 3.369433098979979 -4.432853028645164 -0.3809165523020587 0.0 0.0 0.0
0.4 1.3219095590984673 0.09614870498775023 6.527521837525092 0.0 0.0 0.0
0.4 5.576769896059126 -0.7071835318541885 0.20865744428503313 0.0 0.0 0.0
0.4 0.10208340287774201 4.073041502570118 -2.874101600879113 0.0 0.0 0.0
0.4 0.24347145114391738 4.426987647014416 0.7402499114362184 0.0 0.0 0.0
0.4 1.4908942377552843 1.8574536649472015 1.071683711274505 0.0 0.0 0.0
0.4 -1.6381754633729206 4.59154294179971 1.8023983343429513 0.0 0.0 0.0
0.4 2.5517191859573933 -1.1699977410452238 -3.746754837167618 0.0 0.0 0.0
0.4 0.23999612522738303 -1.6774186058488356 6.4934388736457525 0.0 0.0 0.0
0.4 2.3724418447095075 5.158871738962822 -0.4694722976124869 0.0 0.0 0.0
0.4 4.160899029812369 -2.85038633623201 -0.8427214237358879 0.0 0.0 0.0
0.4 2.057356235159943 0.3596775349153987 1.5502293164065548 0.0 0.0 0.0
0.4 2.900052266235057 3.0172024071701387 1.467251876233945 0.0 0.0 0.0
0.4 -4.406362430778795 -0.6821287917677866 0.5910001872940651 0.0 0.0 0.0
0.4 5.498774477310217 1.9627317000334885 0.5177830328849253 0.0 0.0 0.0
