150
0
0.6666666666666666 -0.04196742636290312 1.5302650407103664 -5.819229898982715 0.0 0.0 0.0
0.6666666666666666 0.8860146615538059 -5.802213476576825 2.0112661668967413 0.0 0.0 0.0
0.6666666666666666 -4.9568462989885305 -3.43524391363247 3.2795677361833553 0.0 0.0 0.0
0.6666666666666666 -0.9845500907653588 3.2700198892663654 5.522707612631205 0.0 0.0 0.0
0.6666666666666666 1.1472205363148553 -6.1178980469155135 0.26185752960520325 0.0 0.0 0.0
0.6666666666666666 0.7859215506770173 0.7214028384381778 0.14914000184565931 0.0 0.0 0.0
0.6666666666666666 0.7356818135966164 -1.8945164710575415 3.844653692004032 0.0 0.0 0.0
0.6666666666666666 -3.9763858634443596 2.57726550490936 1.9082390939487335 0.0 0.0 0.0
0.6666666666666666 -3.321152251376672 -3.3281294867267976 -3.2869024750421585 0.0 0.0 0.0
0.6666666666666666 -3.509770298614784 1.6029467132219006 4.992543967450277 0.0 0.0 0.0
0.6666666666666666 -2.1890995212106272 4.342410985945209 4.580196762603977 0.0 0.0 0.0
0.6666666666666666 -1.0596365334765856 -1.722771912791737 0.39827562970316904 0.0 0.0 0.0
0.6666666666666666 3.8872856503132325 -0.06324068948054994 -4.7091658306770805 0.0 0.0 0.0
0.6666666666666666 -1.1749504881825708 -3.9572776799137572 2.6896756818396654 0.0 0.0 0.0
0.6666666666666666 -1.1060764748062717 -2.32759955137086 -6.243645395470888 0.0 0.0 0.0
0.6666666666666666 -1.162611001733136 4.812524384513544 -4.561074024769814 0.0 0.0 0.0
0.6666666666666666 -0.6987682792083595 0.03292127430154302 5.064899873391986 0.0 0.0 0.0
0.6666666666666666 0.1318112185075578 -6.151916297397844 1.5117576005260227 0.0 0.0 0.0
0.6666666666666666 1.9390253269549085 -0.41345292595322053 -1.7739617850467888 0.0 0.0 0.0
0.6666666666666666 -2.4831959862160127 2.6606498551107003 -0.46541077170125655 0.0 0.0 0.0
0.6666666666666666 -1.9910578583978824 -3.5666533005202785 -0.8249307632637097 0.0 0.0 0.0
0.6666666666666666 5.1039282227282055 1.8436929524581445 -0.8759114832045242 0.0 0.0 0.0
0.6666666666666666 -0.6960240534922272 -1.5122915821297007 -1.813353553390386 0.0 0.0 0.0
0.6666666666666666 -2.255305500057352 0.6888427144507209 -4.272474227832867 0.0 0.0 0.0
0.6666666666666666 -0.9710830783516776 -4.430801660292693 -0.45604681995574203 0.0 0.0 0.0
0.6666666666666666 -1.0002067473056524 -5.184147374374134 -3.937240110332255 0.0 0.0 0.0
0.6666666666666666 1.6112760228013536 4.8610065654891885 0.3940106565538073 0.0 0.0 0.0
0.6666666666666666 -2.504501440353725 -5.346193218409612 0.5816138549418355 0.0 0.0 0.0
0.6666666666666666 -4.233332441355077 2.628065655557158 0.22702629671211721 0.0 0.0 0.0
0.6666666666666666 -3.875343202789912 0.4227959219093619 -1.9334983670669947 0.0 0.0 0.0
0.6666666666666666 2.424952456281556 1.5974357460881583 -4.995513054450435 0.0 0.0 0.0
0.6666666666666666 -2.626228933704192 1.4023428179679678 0.6153518490795056 0.0 0.0 0.0
0.6666666666666666 -4.703671995775387 4.535008681108588 -2.9684870868121367 0.0 0.0 0.0
0.6666666666666666 -1.2807767853051135 3.353295023484748 -2.72495480355624 0.0 0.0 0.0
0.6666666666666666 2.9128004379370678 0.2787859953803316 3.6022150157242856 0.0 0.0 0.0
0.6666666666666666 2.319046141834842 3.5852087153242613 -2.615864909653744 0.0 0.0 0.0
0.6666666666666666 5.936129543316567 0.7629171188460154 2.9170313527096465 0.0 0.0 0.0
0.6666666666666666 -1.6333928051364672 -3.6174774682665465 1.3437335522827414 0.0 0.0 0.0
0.6666666666666666 2.5975620513055273 4.177636004814626 -5.127292856557881 0.0 0.0 0.0
0.6666666666666666 4.0400739330692526 -5.133277031916301 -0.6033427283186563 0.0 0.0 0.0
0.6666666666666666 -3.9925039597902776 1.9614449766385864 5.3459236849759515 0.0 0.0 0.0
0.6666666666666666 -0.16224843662448896 4.310720592672743 5.368486808441126 0.0 0.0 0.0
0.6666666666666666 -4.031513849892692 -3.6741564745573396 -3.639366026086742 0.0 0.0 0.0
0.6666666666666666 2.7288992902463995 -1.989927451702333 4.902455298142011 0.0 0.0 0.0
0.6666666666666666 5.339715530454662 -0.7103650490075867 -0.8296304033972576 0.0 0.0 0.0
0.6666666666666666 1.9457618018364573 -4.484602315036606 -4.930176477179766 0.0 0.0 0.0
0.6666666666666666 4.307241325485335 -3.381922872631411 2.1367187651748756 0.0 0.0 0.0
0.6666666666666666 -0.60417846872999 3.43409580550747 -3.4843607408767636 0.0 0.0 0.0
0.6666666666666666 2.559312480308816 -1.6258493924731199 -3.951440753475396 0.0 0.0 0.0
0.6666666666666666 2.568172082967398 -1.1006170268333637 -3.922731058295426 0.0 0.0 0.0
0.6666666666666666 4.318483460210792 -3.1225355410218283 3.222548494785874 0.0 0.0 0.0
0.6666666666666666 -2.903429316380328 -4.750020492168497 4.036274607619862 0.0 0.0 0.0
0.6666666666666666 -2.8263173767674843 -2.593494918669968 -0.4798176822189072 0.0 0.0 0.0
0.6666666666666666 2.929883102965076 1.8802353370226947 2.0219015437802517 0.0 0.0 0.0
0.6666666666666666 -0.3249661906511585 -5.305805280762633 -4.152393481662978 0.0 0.0 0.0
0.6666666666666666 -0.526203559385187 5.214030131747882 2.966502610925566 0.0 0.0 0.0
0.6666666666666666 0.43582205093747045 -0.2657267883309727 0.44719445944531944 0.0 0.0 0.0
0.6666666666666666 -0.294381588351412 -6.142487399447604 1.2606949348095375 0.0 0.0 0.0
0.6666666666666666 4.449640192289429 -1.5473511152041985 2.2651686907757584 0.0 0.0 0.0
0.6666666666666666 -1.6104105274999234 -0.31382247147881825 3.6260002926523542 0.0 0.0 0.0
0.6666666666666666 2.767805457106007 -1.8127571884477653 -0.6025098632326651 0.0 0.0 0.0
0.6666666666666666 0.8076322218232966 -2.153613271946154 -2.492449744688956 0.0 0.0 0.0
0.6666666666666666 -0.9510664184480275 2.4492770707024665 -2.0463530750364134 0.0 0.0 0.0
0.6666666666666666 -4.835690237348578 -3.32355217173819 -3.5976250136770416 0.0 0.0 0.0
0.6666666666666666 0.9337907363432355 -0.3237174954996512 -3.6188395809380074 0.0 0.0 0.0
0.6666666666666666 -6.085312943001849 2.064657225422732 -0.5039068454226007 0.0 0.0 0.0
0.6666666666666666 3.7535215808633557 -4.275413748092782 -2.7996004249710404 0.0 0.0 0.0
0.6666666666666666 1.3731661654573546 -4.812885824573319 4.6386562883347064 0.0 0.0 0.0
0.6666666666666666 -1.0346319978670608 -2.6682590838193905 5.099048815809474 0.0 0.0 0.0
0.6666666666666666 -2.5500645541236104 1.5810861003235661 -3.5148089009058046 0.0 0.0 0.0
0.6666666666666666 -1.285132552734971 -1.3250240687475785 -2.816409995467778 0.0 0.0 0.0
0.6666666666666666 4.895196412482638 -0.5240609842935129 4.189341528937275 0.0 0.0 0.0
0.6666666666666666 3.2313614292429347 4.77468871307041 1.5946926956126446 0.0 0.0 0.0
0.6666666666666666 2.0120679375187334 0.725372401735115 -1.1908972077734912 0.0 0.0 0.0
0.6666666666666666 -4.263612542380769 -1.4082025111267384 -5.333144762613872 0.0 0.0 0.0
0.6666666666666666 -0.4190641660439477 4.007537927425139 0.13906889359232338 0.0 0.0 0.0
0.6666666666666666 2.03237151246265 3.9654018855549884 -5.030904496565908 0.0 0.0 0.0
0.6666666666666666 0.20908046450954865 -6.916823681023135 0.8286360889174745 0.0 0.0 0.0
0.6666666666666666 2.3189867297434694 -4.817170142177707 -0.6159086599513294 0.0 0.0 0.0
0.6666666666666666 -0.880028567055404 5.760801709245512 -0.7195008011469943 0.0 0.0 0.0
0.6666666666666666 -0.5797889940476 1.1364937757842415 4.687190771827126 0.0 0.0 0.0
0.6666666666666666 3.3159523960681745 5.613211475532937 1.4430548094179396 0.0 0.0 0.0
0.6666666666666666 2.1773523990024795 5.412657277691948 -2.107676243531458 0.0 0.0 0.0
0.6666666666666666 0.25714388602205646 -3.6240116142672627 3.9672819903013505 0.0 0.0 0.0
0.6666666666666666 -4.0611571037406 3.3125168242849554 -2.5453278603499463 0.0 0.0 0.0
0.6666666666666666 5.374576098240937 0.3274324369985402 1.893901435284115 0.0 0.0 0.0
0.6666666666666666 -3.2321126157631754 0.5032630916189526 -1.6469717667418957 0.0 0.0 0.0
0.6666666666666666 -0.24849733444453526 -4.198126472990046 -5.084989880372775 0.0 0.0 0.0
0.6666666666666666 -3.221767262085534 -0.4576363899339484 -2.500229992421073 0.0 0.0 0.0
0.6666666666666666 4.270599265235654 2.3365969230007497 5.151234855555642 0.0 0.0 0.0
0.6666666666666666 4.1029094788524105 0.4779809062296272 0.9188963950786364 0.0 0.0 0.0
0.6666666666666666 -0.7059358589263388 3.914739947199322 -2.8748721928558014 0.0 0.0 0.0
0.6666666666666666 4.888758000594024 1.8555134258414125 4.913821574805647 0.0 0.0 0.0
0.6666666666666666 -1.9255107443800288 4.7643345984482774 -2.3151769782643528 0.0 0.0 0.0
0.6666666666666666 2.3687003252903143 0.3062632379471634 -2.190568291276608 0.0 0.0 0.0
0.6666666666666666 -5.921805794500243 2.6830414002321565 -2.8477308048594963 0.0 0.0 0.0
0.6666666666666666 5.859408714124929 1.6410507876792653 1.534539998446639 0.0 0.0 0.0
0.6666666666666666 -1.2757453317660874 -2.5019764064380574 -4.350550454415788 0.0 0.0 0.0
0.6666666666666666 2.3173724860522267 1.9769040250551586 -6.120061528429195 0.0 0.0 0.0
0.6666666666666666 2.751517501797931 -0.2714947372455386 0.37007011942720025 0.0 0.0 0.0
0.6666666666666666 2.9155315933809023 -1.7024788467726686 1.6137689565454092 0.0 0.0 0.0
0.6666666666666666 -1.6226229433509023 4.493510134252219 2.925097327528527 0.0 0.0 0.0
0.6666666666666666 -0.6536341721495388 -2.7793364374211795 6.042111128945994 0.0 0.0 0.0
0.6666666666666666 -2.706049218582171 -4.345578288920059 -2.1829028410671873 0.0 0.0 0.0
0.6666666666666666 -1.6978616925148162 3.639980285816648 -2.9071660155105574 0.0 0.0 0.0
0.6666666666666666 -3.7694361507019867 0.810848911265702 -3.5115441297251557 0.0 0.0 0.0
0.6666666666666666 -4.486782810463766 4.748282536754933 1.0992764761393743 0.0 0.0 0.0
0.6666666666666666 4.776290263862069 3.963059831547184 -0.73446063876731 0.0 0.0 0.0
0.6666666666666666 -1.7857878707506458 2.6730882572715102 5.9422032164024605 0.0 0.0 0.0
0.6666666666666666 -5.099527945837241 1.0524133388984385 -0.3985236080066628 0.0 0.0 0.0
0.6666666666666666 -0.5579394191491001 3.377596709404126 -0.842007589573658 0.0 0.0 0.0
0.6666666666666666 0.39354622632496306 -6.439970866931247 0.5967101751639604 0.0 0.0 0.0
0.6666666666666666 4.602741562592362 -5.220469741981003 1.3821972917424912 0.0 0.0 0.0
0.6666666666666666 -2.1082232095227074 3.8756106160636334 0.960828098740248 0.0 0.0 0.0
0.6666666666666666 -5.998473583888089 1.898909395671555 0.5713276076244124 0.0 0.0 0.0
0.6666666666666666 3.5531126979397456 -2.735677049014521 -1.8184612090613748 0.0 0.0 0.0
0.6666666666666666 0.9953120722639549 -0.24545789429132472 0.7269657765044716 0.0 0.0 0.0
0.6666666666666666 -1.3475658408965605 -2.98220755795648 -2.5983624603448767 0.0 0.0 0.0
0.6666666666666666 -0.953283760016493 4.6176467129382335 2.6312895350365886 0.0 0.0 0.0
0.6666666666666666 -1.2275425831306475 -4.016886831210456 -4.863553948987242 0.0 0.0 0.0
0.6666666666666666 -2.2361633594322097 -5.071177695672677 1.162662286069176 0.0 0.0 0.0
0.6666666666666666 -0.722169162408793 3.632892657151556 5.280045486238845 0.0 0.0 0.0
0.6666666666666666 2.3490703713550602 0.7626636152319042 -5.421325918870845 0.0 0.0 0.0
0.6666666666666666 -1.5832944322581506 -2.7516589107333527 2.084162076804123 0.0 0.0 0.0
0.6666666666666666 1.3592937309721695 0.8673902429186515 -4.9808094482478005 0.0 0.0 0.0
0.6666666666666666 -2.083312693802897 -5.589589912270965 0.180121297614448 0.0 0.0 0.0
0.6666666666666666 -0.39375332893046605 1.4995881361113963 3.50122418059178 0.0 0.0 0.0
0.6666666666666666 -3.8794827691216662 -5.037111042163692 -0.22042551847215885 0.0 0.0 0.0
0.6666666666666666 -1.6898459385241316 3.728263091067911 5.599236143823117 0.0 0.0 0.0
0.6666666666666666 4.628197426858854 3.083181702016411 -0.1466580138311095 0.0 0.0 0.0
0.6666666666666666 1.0206294068531163 -1.129111297509272 -6.449315493141161 0.0 0.0 0.0
0.6666666666666666 -2.7681819330758275 -3.239908349431749 -0.6995765705872921 0.0 0.0 0.0
0.6666666666666666 1.3048150703853703 -3.6385853928795817 2.570730385860878 0.0 0.0 0.0
0.6666666666666666 -3.7952850832573546 3.5422351451258445 -4.85318772184578 0.0 0.0 0.0
0.6666666666666666 2.4359240432709033 -2.3783985640337675 -5.6579610648836605 0.0 0.0 0.0
0.6666666666666666 3.4018142234808444 0.11302348939110844 -3.6987553214131728 0.0 0.0 0.0
0.6666666666666666 -2.4732377803704195 2.2609321502232884 2.0918419970571716 0.0 0.0 0.0
0.6666666666666666 2.175788296459648 2.4757182937361297 4.29370950605701 0.0 0.0 0.0
0.6666666666666666 0.7359067166924644 -1.3034032753594118 -0.00603800202314631 0.0 0.0 0.0
0.6666666666666666 1.354323805969627 -4.928385406483483 3.3933286196456125 0.0 0.0 0.0
0.6666666666666666 -0.5802169424731428 4.172428789954711 1.0696285885902441 0.0 0.0 0.0
0.6666666666666666 4.9529398062987875 2.5526441659607064 3.210758200589177 0.0 0.0 0.0
0.6666666666666666 3.373790764666715 -2.4983823058296637 -2.4710727726251513 0.0 0.0 0.0
0.6666666666666666 -5.06954060890234 -0.9843478256544095 -2.7600550040512664 0.0 0.0 0.0
0.6666666666666666 2.9418113902332954 -1.042747021105738 -3.935171789486317 0.0 0.0 0.0
0.6666666666666666 2.3937034124716368 4.631574087095537 -2.6141587231413417 0.0 0.0 0.0
0.6666666666666666 -1.7145159244767763 -2.8009819604940507 4.408568959674368 0.0 0.0 0.0
0.6666666666666666 1.6782563540767836 -5.023636089579173 2.915718014512477 0.0 0.0 0.0
0.6666666666666666 5.011646300971862 -2.301456314513028 -2.877106295932729 0.0 0.0 0.0
0.6666666666666666 0.4124587145776546 -0.7465926200625501 6.184126227147091 0.0 0.0 0.0
